31.982,37.42,39.851,38.571,33.364,34.435,32.431,34.859,27.412,29.231,24.239,30.987
32.845,38.191,37.462,34.347,33.567,31.675,32.174,33.068,35.007,30.143,33.221,30.967
33.55,36.773,40.294,37.44,32.3,33.293,33.206,36.457,30.911,29.634,31.407,32.375
35.971,35.71,39.702,36.634,25.947,36.528,37.179,36.546,34.103,23.123,28.882,33.822
32.549,33.811,38.211,32.969,27.023,36.165,34.008,40.273,38.405,33.42,31.441,33.936
37.846,36.101,37.866,37.763,27.027,41.415,36.09,36.451,34.49,31.298,27.128,28.962
29.396,32.861,33.466,34.004,34.347,34.421,32.624,31.697,33.146,32.864,35.956,36.038
36.843,36.144,39.909,30.589,32.292,39.712,34.6,32.208,31.432,38.98,29.827,28.892
34.193,27.731,33.307,35.865,34.814,41.593,32.15,31.588,34.893,28.847,30.884,31.327
34.504,32.287,33.318,38.911,37.228,39.412,35.582,31.641,29.089,28.374,27.399,30.795
33.711,34.459,39.455,29.688,27.333,35.402,34.368,36.114,32.256,28.177,28.104,31.023
35.562,37.908,35.803,35.401,33.935,35.934,36.87,32.972,33.415,31.106,29.217,24.242
32.399,38.835,39.828,41.05,31.571,35.483,33.497,33.473,31.832,25.019,31.85,31.319
35.798,36.694,39.922,29.032,34.986,36.717,29.112,32.075,30.306,27.035,32.004,32.683
33.827,38.324,43.457,32.301,32.063,33.527,32.231,34.453,35.404,28.004,30.346,31.046
29.227,38.884,37.966,37.019,34.73,35.013,31.795,34.7,36.168,33.277,29.612,30.87
36.807,39.16,33.057,37.273,36.413,33.832,30.385,32.99,28.868,32.194,27.653,30.801
29.768,34.287,37.976,31.76,34.053,37.814,30.861,36.254,34.167,30.496,30.723,30.587
28.272,32.537,38.253,33.253,31.663,32.59,34.714,32.801,33.383,30.791,28.334,31.374
34.444,34.602,39.117,36.714,38.483,38.541,36.89,31.023,31.221,28.43,30.788,30.954
32.961,34.003,37.764,36.484,34.024,35.199,34.423,30.055,31.923,28.796,35.49,31.481
32.674,36.309,40.653,33.925,36.517,34.617,33.549,33.262,22.244,23.433,29.374,28.855
33.983,37.005,33.378,37.531,31.191,38.782,37.501,34.888,33.825,28.49,32.81,29.795
28.04,31.359,30.932,31.097,32.986,34.487,30.368,35.82,35.334,31.176,32.879,32.717
30.369,38.006,35.93,27.582,31.125,33.871,35.137,34.246,30.708,32.681,33.15,27.725
31.152,41.705,39.136,35.373,32.044,34.171,30.278,30.963,28.25,31.096,24.964,27.624
30.676,38.002,35.87,31.083,31.129,37.707,36.43,27.734,28.739,34.448,31.568,32.309
28.132,26.469,40.868,35.066,34.954,37.724,33.046,34.533,29.954,34.331,33.72,28.938
35.145,35.214,36.951,31.453,32.286,39.292,34.809,33.899,32.688,33.076,30.356,32.358
30.484,38.487,39.281,34.838,33.831,39.91,34.408,32.532,28.329,29.911,33.163,31.832
39.874,33.511,35.413,29.077,36.359,39.747,33.048,33.383,31.54,26.736,25.784,29.378
33.191,28.713,26.205,34.367,33.095,38.283,32.99,34.811,32.994,30.987,26.72,32.864
31.46,34.144,34.811,38.518,35.132,36.201,36.032,31.499,32.717,30.352,32.681,31.517
26.651,34.121,34.823,32.229,36.062,37.728,34.459,30.887,32.961,29.88,33.708,27.963
28.766,39.996,36.413,36.829,34.939,33.107,27.742,32.604,28.911,23.389,26.443,30.791
33.817,38.382,37.17,33.783,34.45,33.102,33.951,31.891,31.229,31.639,32.441,24.444
28.859,34.25,36.516,31.827,35.044,43.323,36.435,30.383,29.745,31.228,30.461,29.853
33.388,30.162,35.057,31.232,38.89,33.567,34.414,39.102,33.21,26.059,29.185,33.129
33.833,33.485,38.617,35.134,31.918,38.021,32.451,33.485,31.856,33.014,31.553,27.436
32.238,35.015,38.191,40.162,34.152,32.715,31.616,33.797,34.845,30.213,33.844,37.74
35.743,40.932,36.369,34.429,30.889,39.827,28.146,30.467,32.127,28.246,21.813,27.154
26.806,33.347,34.51,30.411,36.218,36.684,36.437,31.208,33.661,29.605,31.259,29.95
32.279,33.726,38.432,36.089,35.665,41.645,36.625,32.977,33.486,30.941,29.166,30.762
30.621,36.218,40.438,31.985,41.424,39.347,30.672,30.2,25.69,26.861,33.374,33.841
38.941,41.979,40.349,37.527,38.787,37.243,31.265,29.897,31.004,28.814,29.85,34.202
35.151,39.695,38.025,31,32.581,38.447,28.662,32.974,28.122,29.992,31.076,31.051
28.968,31.723,37.249,34.579,30.71,38.924,37.219,31.002,30.486,29.722,32.749,30.251
33.16,36.728,37.582,37.87,32.334,37.524,29.182,34.434,34.592,26.987,29.518,27.275
32.694,36.436,39.564,39.341,35.577,39.234,32.13,33.393,31.245,26.071,31.844,30.936
34.018,38.15,32.541,34.76,37.046,34.474,31.106,29.233,29.037,30.827,32.994,30.806
33.852,35.251,37.483,32.971,35.691,40.83,33.087,31.676,27.477,25.415,30.748,27.754
31.342,37.125,38.91,35.3,30.454,34.477,31.572,33.53,33.06,29.734,28.743,28.485
28.864,33.271,38.429,37.04,33.06,38.127,31.944,30.081,30.475,30.931,30.735,33.147
35.079,41.274,36.267,37.371,34.508,33.545,30.279,32.111,29.072,30.339,32.648,31.459
30.792,30.804,33.611,35.59,36.628,34.54,29.829,30.396,32.47,25.691,28.42,31.058
28.618,35.936,34.872,31.183,28.044,39.001,36.905,33.097,35.599,28.922,29.438,32.682
33.413,38.078,36.835,33.211,33.923,35.383,33.968,30.604,32.736,34.288,29.952,28.819
34.534,41.413,36.799,34.716,33.54,35.575,28.77,31.047,30.532,27.754,29.049,32.988
25.994,34.641,37.305,33.817,31.292,37.544,31.669,32.629,32.657,27.995,31.353,33.558
37.277,36.262,37.628,35.302,35.099,37.307,30.763,33.175,31.01,26.301,35.797,36.129
31.829,31.734,36.85,33.568,29.897,30.812,33.066,35.301,27.462,27.561,28.011,27.762
32.652,32.232,36.34,34.884,31.446,34.664,35.26,32.148,32.588,30.65,30.667,30.473
31.468,35.738,29.702,33.258,31.739,37.097,35.305,35.133,29.2,30.096,31.88,28.167
35.069,30.272,33.581,36.492,33.186,38.227,31.537,30.266,32.891,28.264,33.234,32.721
36.153,37.056,35.904,35.692,31.785,36.213,33.59,32.877,31.802,31.608,29.377,29.519
36.04,27.403,36.335,33.693,38.117,38.441,31.374,30.311,29.667,28.47,29.794,29.513
35.788,38.692,35.333,38.082,36.336,41.687,35.618,30.762,27.883,27.222,28.122,32.607
27.902,37.16,38.389,31.624,35.552,37.349,32.329,31.296,30.663,32.104,32.026,31.731
35.989,32.987,38.079,32.811,32.097,37.712,32.607,32.298,31.411,27.198,30.726,29.753
30.666,40.689,40.57,33.985,33.891,37.821,35.075,32.744,31.231,29.838,31.257,29.55
25.711,37.376,44.494,35.335,36.757,33.579,33.386,32.225,29.971,28.372,35.176,33.84
26.616,31.754,39.078,29.827,35.047,39.581,33.33,34.196,29.826,29.598,32.153,29.07
31.021,39.366,36.751,33.505,35.809,35.558,32.717,30.781,31.234,30.816,28.929,28.142
29.827,32.5,36.35,33.607,32.181,36.777,32.898,35.655,30.252,29.748,32.058,30.229
29.364,37.626,41.572,36.921,30.383,36.534,36.051,32.705,32.133,29.395,32.92,28.514
31.613,41.797,38.299,34.356,31.203,34.155,28.964,31.454,31.498,31.65,32.561,33.597
32.043,41.472,42.746,38.203,33.89,35.603,35.408,32.692,25.047,27.736,27.675,27.573
28.645,31.144,37.783,34.813,35.841,42.124,34.873,34.537,29.386,30.609,29.282,29.612
30.602,38.368,35.823,29.204,35.887,35.792,30.348,32.048,33.25,29.362,28.012,28.659
30.143,36.875,37.332,36.247,33.712,34.858,31.601,32.171,33.25,29.286,31.103,31.289
34.599,35.867,40.402,35.224,36.761,41.33,33.713,31.177,25.978,29.688,34.269,33.289
35.254,39.553,36.399,35.285,34.925,36.343,33.946,28.525,27.122,30.292,33.859,36.355
34.727,41.655,37.866,29.784,39.649,38.191,30.266,32.058,27.622,23.907,29.014,30.041
32.029,30.846,34.832,30.195,35.291,43.539,36.278,32.777,34.775,31.303,29.168,35.253
29.023,38.034,34.732,35.206,37.777,37.374,30.321,31.084,28.141,30.859,29.675,27.654
27.364,30.791,35.771,33.932,34.124,33.165,30.621,33.225,26.656,27.484,31.27,27.284
29.463,33.943,36.665,30.692,31.943,33.015,32.189,31.101,31.355,30.147,37.049,29.23
31.513,34.201,35.92,38.587,36.975,36.569,29.085,28.991,26.319,27.839,26.842,33.121
31.061,35.952,37.513,36.766,29.746,34.911,31.852,32.815,22.118,27.433,27.928,32.136
33.69,41.287,33.192,33.833,39.193,41.623,32.956,30.543,30.818,27.95,31.655,35.034
31.656,31.538,33.182,30.925,31.782,35.2,31.638,33.497,33.25,32.375,29.814,31.083
31.41,32.073,36.161,35.674,38.317,38.864,33.049,30.266,31.796,32.703,27.667,31.886
33.478,37.87,34.062,32.947,38.07,38.943,34.29,32.417,29.115,30.955,32.516,30.121
31.402,29.305,36.442,33.674,36.847,41.197,33.065,31.261,29.84,26.895,33.53,30.079
27.48,31.546,35.088,32.355,32.655,35.339,33.771,32.657,29.023,31.409,33.517,32.699
36.204,27.102,34.116,32.198,29.62,38.544,32.309,31.784,32.889,30.631,31.661,31.76
34.221,35.048,40.201,35.488,37.789,36.933,33.616,30.513,29.254,27.497,30.334,37.05
34.547,24.634,34.532,36.736,34.435,35.148,31.795,30.253,31.661,29.448,32.188,26.484
26.794,35.183,40.038,36.086,37.066,34.151,30.27,33.41,30.684,28.853,31.915,31.444
35.801,39.712,36.064,32.563,35.571,35.953,29.744,30.183,28.453,32.558,32.5,32.928
