1.0316e-08,9.1658e-09,9.2059e-09,7.6434e-09,3.2946e-09,1.1704e-09,4.5719e-10,4.135e-10,9.2206e-10,2.5399e-09,5.9126e-09,8.4354e-09
8.7645e-09,9.3035e-09,8.8393e-09,7.8527e-09,4.4206e-09,1.0126e-09,4.378e-10,3.6586e-10,7.0968e-10,3.2821e-09,6.7949e-09,8.058e-09
9.4609e-09,9.1909e-09,7.3584e-09,6.8736e-09,3.1622e-09,8.4858e-10,4.6714e-10,3.3267e-10,7.233e-10,2.5314e-09,6.1094e-09,8.5949e-09
1.0275e-08,1.115e-08,8.2572e-09,8.0354e-09,3.5964e-09,9.7461e-10,3.3442e-10,2.6072e-10,6.6899e-10,2.3962e-09,5.726e-09,9.2675e-09
1.0396e-08,9.273e-09,1.0027e-08,7.7916e-09,2.9726e-09,8.5993e-10,4.7337e-10,5.4352e-10,1.1388e-09,3.2499e-09,6.5277e-09,9.0326e-09
1.0014e-08,1.0488e-08,8.6289e-09,7.7719e-09,3.6293e-09,8.3857e-10,3.9481e-10,3.0472e-10,7.4462e-10,2.5343e-09,4.6364e-09,9.0468e-09
1.0229e-08,8.9079e-09,9.7518e-09,6.9702e-09,4.5216e-09,7.6048e-10,3.5127e-10,5.7677e-10,8.4556e-10,2.2405e-09,6.7838e-09,8.5933e-09
9.0728e-09,9.6307e-09,9.719e-09,8.0725e-09,3.5076e-09,9.1921e-10,4.4945e-10,4.4858e-10,1.0141e-09,3.1871e-09,6.643e-09,8.9712e-09
1.0117e-08,7.706e-09,9.822e-09,8.5117e-09,3.598e-09,8.6506e-10,4.4645e-10,6.1158e-10,1.0203e-09,3.0301e-09,5.6548e-09,8.4137e-09
9.9406e-09,9.9512e-09,9.4418e-09,6.4301e-09,4.2135e-09,6.5618e-10,3.5939e-10,3.6311e-10,9.4766e-10,2.8555e-09,5.9825e-09,8.9652e-09
1.0314e-08,8.8718e-09,9.3554e-09,8.0322e-09,3.9711e-09,7.7464e-10,2.9273e-10,2.6706e-10,6.2912e-10,2.0779e-09,5.8927e-09,9.1043e-09
8.7673e-09,1.001e-08,8.3568e-09,7.4329e-09,3.9086e-09,1.1785e-09,4.8199e-10,3.5458e-10,1.0177e-09,2.7595e-09,5.826e-09,8.2205e-09
9.6482e-09,1.0285e-08,8.7868e-09,6.8714e-09,3.0038e-09,1.1295e-09,5.304e-10,4.3871e-10,8.8671e-10,2.5435e-09,5.5476e-09,8.8791e-09
1.0003e-08,9.7625e-09,9.3947e-09,7.8717e-09,3.359e-09,6.2899e-10,4.5461e-10,6.7655e-10,1.2341e-09,3.1045e-09,6.2677e-09,8.4238e-09
8.4417e-09,9.8861e-09,9.4283e-09,7.0081e-09,2.4188e-09,4.4036e-10,1.6948e-10,1.1515e-11,3.2175e-10,1.3743e-09,5.1708e-09,7.7317e-09
8.8254e-09,1.0418e-08,9.5494e-09,7.3221e-09,3.9195e-09,8.1475e-10,3.3611e-10,8.7328e-11,5.8277e-10,2.2176e-09,5.5226e-09,8.8528e-09
9.6668e-09,1.0026e-08,8.9502e-09,7.6322e-09,3.5707e-09,1.179e-09,2.9343e-10,2.0733e-10,8.1613e-10,2.6379e-09,5.8423e-09,8.3354e-09
9.3567e-09,9.0915e-09,8.907e-09,5.5821e-09,3.2432e-09,6.255e-10,1.15e-10,3.4771e-14,3.1136e-10,1.5568e-09,5.2777e-09,9.0315e-09
9.0561e-09,8.6843e-09,9.9166e-09,7.1515e-09,3.2716e-09,7.2385e-10,2.3195e-10,7.4832e-11,6.1113e-10,2.517e-09,5.516e-09,7.7591e-09
9.3579e-09,9.8345e-09,8.3592e-09,7.8395e-09,3.351e-09,1.0159e-09,3.0604e-10,1.3514e-10,5.442e-10,1.7222e-09,5.57e-09,7.6891e-09
9.8117e-09,8.8975e-09,9.014e-09,6.2952e-09,2.8379e-09,4.0232e-10,1.0836e-10,2.375e-11,2.7508e-10,1.4991e-09,4.9247e-09,7.3375e-09
8.9652e-09,9.1055e-09,8.823e-09,6.5363e-09,2.7131e-09,4.917e-10,5.1231e-11,1.3882e-11,5.8366e-10,2.0722e-09,4.2937e-09,8.6367e-09
8.3759e-09,8.8947e-09,7.5011e-09,5.5889e-09,2.5163e-09,2.8953e-10,3.9755e-12,2.3725e-15,1.0841e-10,1.0942e-09,3.0699e-09,6.412e-09
8.5859e-09,8.5662e-09,9.4285e-09,6.7786e-09,3.3404e-09,7.6338e-10,2.4563e-10,1.6069e-10,5.6855e-10,1.4096e-09,5.6613e-09,7.9947e-09
9.9639e-09,8.8118e-09,9.1262e-09,7.4206e-09,4.1001e-09,7.5068e-10,1.2131e-10,2.9986e-11,3.5234e-10,2.2002e-09,4.8187e-09,8.9581e-09
8.9501e-09,9.5971e-09,8.4251e-09,7.8347e-09,3.1837e-09,5.2819e-10,5.8865e-11,1.4521e-12,2.7785e-10,1.3656e-09,4.6885e-09,7.4314e-09
8.3743e-09,1.0747e-08,8.578e-09,6.7873e-09,2.9554e-09,6.577e-10,2.4981e-10,2.8243e-10,5.5951e-10,2.1719e-09,4.6323e-09,7.9937e-09
8.1974e-09,8.6604e-09,8.9581e-09,6.7407e-09,2.7486e-09,7.2134e-10,1.6674e-10,3.371e-10,9.5367e-10,2.522e-09,4.8144e-09,8.2e-09
1.018e-08,9.7384e-09,8.0309e-09,8.1785e-09,2.9001e-09,5.0977e-10,8.9403e-11,1.9146e-11,5.4635e-10,1.9521e-09,5.6252e-09,7.7854e-09
8.8567e-09,9.6174e-09,8.93e-09,7.7389e-09,3.5689e-09,1.043e-09,3.5335e-10,1.1378e-10,5.8231e-10,2.3294e-09,5.536e-09,8.1811e-09
8.9467e-09,1.0089e-08,8.1513e-09,6.9739e-09,2.9242e-09,6.5996e-10,1.2151e-10,3.1592e-11,4.2563e-10,1.8919e-09,4.9256e-09,7.4077e-09
9.0766e-09,8.9412e-09,8.8797e-09,7.5447e-09,3.2046e-09,5.2515e-10,1.7081e-10,1.0596e-10,8.9227e-10,2.2953e-09,5.774e-09,7.8839e-09
8.881e-09,9.7471e-09,8.6227e-09,6.4084e-09,2.1047e-09,6.0923e-10,1.733e-12,4.1058e-13,1.9386e-10,1.346e-09,5.0065e-09,7.7675e-09
8.8645e-09,9.2896e-09,8.6376e-09,7.6409e-09,3.8807e-09,4.4824e-10,9.109e-11,3.4026e-12,4.9997e-10,2.1804e-09,5.1781e-09,7.9172e-09
8.7729e-09,9.7436e-09,8.7942e-09,7.3729e-09,2.6914e-09,6.3047e-10,4.2202e-10,3.4278e-10,7.697e-10,1.767e-09,5.8838e-09,8.3864e-09
8.8993e-09,9.0301e-09,9.3826e-09,7.4188e-09,4.5167e-09,6.6917e-10,1.266e-10,4.9496e-11,6.4645e-10,1.9935e-09,6.2109e-09,8.5463e-09
1.0208e-08,9.8422e-09,7.893e-09,7.1778e-09,3.1911e-09,8.196e-10,1.9613e-10,2.3265e-10,7.8111e-10,2.4856e-09,5.241e-09,8.3396e-09
9.1186e-09,9.327e-09,9.9047e-09,6.3682e-09,3.1444e-09,5.4295e-10,1.0155e-10,8.6318e-11,6.155e-10,1.5905e-09,4.5384e-09,7.5917e-09
9.2985e-09,8.7071e-09,9.7679e-09,6.2547e-09,4.07e-09,6.9524e-10,3.6297e-10,4.427e-10,9.4336e-10,2.9426e-09,6.0515e-09,8.9927e-09
8.8907e-09,1.0337e-08,8.2536e-09,6.7227e-09,2.7757e-09,6.4736e-10,1.3258e-10,3.0855e-11,4.9411e-10,1.6792e-09,4.0814e-09,7.8642e-09
8.3811e-09,9.7929e-09,9.1184e-09,6.7421e-09,3.9322e-09,6.2634e-10,2.913e-10,2.3429e-11,6.53e-10,2.2577e-09,5.5261e-09,7.4992e-09
8.554e-09,1.0497e-08,8.4488e-09,7.6543e-09,3.2946e-09,3.9886e-10,3.7684e-11,1.2102e-13,1.4893e-10,1.9626e-09,5.1922e-09,8.0441e-09
8.5718e-09,9.5314e-09,8.1518e-09,6.8201e-09,3.1134e-09,2.8909e-10,3.4787e-11,7.7944e-15,1.6153e-10,1.6602e-09,4.5077e-09,7.228e-09
8.3393e-09,1.0332e-08,7.4972e-09,6.5538e-09,2.8486e-09,5.7498e-10,1.0282e-10,4.1315e-15,3.8477e-10,1.3262e-09,4.1065e-09,6.9187e-09
8.5558e-09,9.0926e-09,8.4064e-09,7.6613e-09,3.8973e-09,9.3445e-10,2.8293e-10,1.3188e-10,5.5034e-10,2.3353e-09,4.1622e-09,8.7166e-09
9.4464e-09,1.0304e-08,9.7369e-09,6.9151e-09,3.9216e-09,5.8483e-10,2.3652e-10,7.3886e-12,4.1744e-10,1.6783e-09,4.6162e-09,7.649e-09
8.3835e-09,1.0258e-08,9.3278e-09,7.2494e-09,3.4541e-09,8.6932e-10,2.0066e-10,7.8923e-11,6.0979e-10,2.5886e-09,6.0534e-09,8.6106e-09
9.2379e-09,1.0026e-08,8.2578e-09,7.1965e-09,2.7372e-09,9.1189e-10,1.9386e-10,8.6994e-11,3.1537e-10,2.1562e-09,5.697e-09,7.3854e-09
9.5322e-09,8.349e-09,8.8232e-09,7.5956e-09,4.2746e-09,6.231e-10,1.9042e-10,3.0983e-10,9.5228e-10,2.1892e-09,5.6789e-09,8.3688e-09
8.747e-09,8.9153e-09,9.9269e-09,6.0043e-09,4.0417e-09,6.3171e-10,8.1845e-11,1.2039e-14,4.1308e-10,1.1096e-09,4.0154e-09,7.3762e-09
8.5685e-09,8.2833e-09,7.3849e-09,6.886e-09,2.7526e-09,8.179e-10,8.5637e-11,1.1156e-10,5.9617e-10,1.4749e-09,3.9613e-09,7.7772e-09
9.0677e-09,8.9592e-09,9.1409e-09,6.5468e-09,3.7698e-09,1.1155e-09,1.8434e-10,9.0826e-11,4.6995e-10,1.7911e-09,4.5912e-09,8.6516e-09
9.1437e-09,9.7155e-09,9.4541e-09,7.3696e-09,4.298e-09,8.9722e-10,3.2888e-10,2.2013e-11,5.6256e-10,2.1126e-09,5.0064e-09,7.8827e-09
9.8507e-09,9.9567e-09,8.7947e-09,6.0774e-09,2.9453e-09,4.679e-10,1.7679e-10,2.8048e-11,3.4051e-10,2.2294e-09,4.858e-09,7.3002e-09
8.9162e-09,9.6821e-09,8.3878e-09,7.4134e-09,3.0464e-09,7.2299e-10,1.3422e-10,1.1406e-10,7.7769e-10,1.8826e-09,5.583e-09,8.3388e-09
9.2397e-09,9.2355e-09,9.5857e-09,7.6753e-09,3.418e-09,9.177e-10,2.0041e-10,5.1469e-11,5.2589e-10,1.5765e-09,5.2344e-09,8.85e-09
8.999e-09,9.219e-09,9.3647e-09,6.5058e-09,2.855e-09,2.4694e-10,5.7791e-11,3.0581e-12,5.0203e-10,1.8154e-09,5.1563e-09,7.5451e-09
9.2033e-09,8.8437e-09,9.2485e-09,6.562e-09,2.2852e-09,4.8088e-10,1.2849e-10,1.6087e-11,1.5263e-10,2.0401e-09,5.0798e-09,7.0211e-09
8.9992e-09,8.8156e-09,7.686e-09,6.8491e-09,2.4537e-09,5.6872e-10,2.8861e-11,3.5084e-15,2.2236e-10,1.2781e-09,3.5357e-09,6.6025e-09
8.3918e-09,9.0815e-09,7.3379e-09,7.1744e-09,2.3919e-09,4.9259e-10,1.5599e-11,4.8884e-13,1.7979e-10,1.0421e-09,4.9915e-09,7.5812e-09
8.2436e-09,9.7347e-09,8.53e-09,6.3475e-09,2.3097e-09,3.008e-10,3.2541e-11,1.5737e-12,1.0784e-10,1.3479e-09,3.6415e-09,6.7159e-09
6.535e-09,9.98e-09,8.7189e-09,7.1112e-09,3.4929e-09,4.3743e-10,7.7801e-11,9.3788e-13,3.37e-10,1.5162e-09,4.6317e-09,6.9538e-09
9.586e-09,9.5781e-09,7.6089e-09,7.012e-09,2.6748e-09,4.0376e-10,2.1338e-11,1.4267e-12,2.7514e-10,1.294e-09,3.786e-09,7.4346e-09
9.0037e-09,8.1267e-09,9.0456e-09,6.3193e-09,3.2392e-09,7.3563e-10,1.2263e-10,1.2185e-11,3.4219e-10,2.0421e-09,4.3051e-09,6.632e-09
8.2651e-09,7.8752e-09,8.1443e-09,5.3432e-09,2.7094e-09,6.8206e-10,1.0689e-10,1.1197e-14,4.9024e-10,1.1548e-09,4.2326e-09,5.8255e-09
8.6026e-09,9.3867e-09,7.7184e-09,6.4078e-09,3.4534e-09,7.0093e-10,9.9827e-11,1.3641e-11,3.5686e-10,1.5158e-09,3.6686e-09,6.2322e-09
8.5838e-09,8.4214e-09,8.7664e-09,6.7961e-09,2.0759e-09,7.0422e-10,1.9076e-10,4.2499e-11,3.7048e-10,1.7874e-09,3.7049e-09,6.9448e-09
8.8636e-09,8.5315e-09,8.8917e-09,6.9287e-09,2.8922e-09,5.881e-10,1.5047e-10,1.3125e-11,2.2304e-10,1.1709e-09,4.6484e-09,7.0681e-09
8.0511e-09,9.4861e-09,8.4356e-09,7.0783e-09,2.6713e-09,5.1792e-10,1.3225e-10,1.1806e-10,3.3447e-10,1.1429e-09,4.4165e-09,7.3118e-09
8.6845e-09,9.444e-09,8.4083e-09,6.8544e-09,3.4899e-09,9.7513e-10,1.5834e-10,5.4385e-11,2.812e-10,1.4738e-09,4.0432e-09,7.9948e-09
8.1368e-09,9.2471e-09,8.8414e-09,7.2032e-09,3.0974e-09,9.0294e-10,1.3758e-10,7.5342e-12,3.2713e-10,1.382e-09,4.9086e-09,6.7306e-09
9.4544e-09,9.5382e-09,8.9493e-09,7.784e-09,2.9726e-09,9.194e-10,3.3164e-10,1.3068e-10,5.0934e-10,1.7246e-09,5.149e-09,6.9171e-09
9.9109e-09,8.8366e-09,7.8836e-09,7.4084e-09,3.2822e-09,7.1552e-10,3.1662e-10,5.1273e-11,4.7006e-10,1.6715e-09,4.7591e-09,8.0785e-09
9.5202e-09,8.3263e-09,1.0003e-08,6.9227e-09,2.8902e-09,6.8613e-10,1.6363e-10,1.3493e-11,4.7594e-10,1.4361e-09,4.9582e-09,7.0826e-09
8.3944e-09,9.1888e-09,9.6494e-09,7.2871e-09,3.061e-09,7.6439e-10,1.2697e-10,4.5485e-11,3.4917e-10,1.7415e-09,5.2972e-09,7.4173e-09
9.5234e-09,9.1415e-09,8.691e-09,7.1587e-09,2.7697e-09,7.1189e-10,1.8775e-11,3.8715e-12,2.8356e-10,1.0255e-09,4.0259e-09,6.8696e-09
7.4399e-09,1.0528e-08,8.3007e-09,7.2695e-09,2.8091e-09,3.0892e-10,6.2375e-11,2.9402e-12,1.6851e-10,1.578e-09,5.353e-09,6.4384e-09
9.215e-09,8.3584e-09,8.0943e-09,7.3165e-09,2.8993e-09,7.5475e-10,2.6513e-10,2.0437e-10,7.149e-10,2.2052e-09,5.0772e-09,8.1289e-09
8.8053e-09,9.8959e-09,8.6805e-09,7.1761e-09,3.4469e-09,5.9529e-10,2.7645e-10,2.0414e-10,8.9322e-10,2.679e-09,6.3279e-09,8.1087e-09
1.0147e-08,8.7799e-09,9.7219e-09,5.5948e-09,2.3539e-09,5.8135e-10,5.4975e-11,1.8124e-11,4.6986e-10,1.838e-09,3.9829e-09,7.233e-09
8.8439e-09,9.109e-09,9.7612e-09,6.8494e-09,3.5249e-09,5.4308e-10,1.0319e-10,6.0981e-13,3.3257e-10,1.4224e-09,5.7237e-09,7.7735e-09
9.4249e-09,9.2644e-09,8.6069e-09,7.217e-09,2.6276e-09,4.957e-10,3.3184e-11,6.0543e-14,2.5153e-10,1.08e-09,4.0192e-09,6.7451e-09
8.1325e-09,8.9864e-09,8.5595e-09,5.0159e-09,1.6488e-09,4.2305e-10,2.1369e-11,2.7201e-13,2.9383e-10,1.09e-09,3.1463e-09,6.0657e-09
7.7118e-09,1.0132e-08,7.9381e-09,7.1613e-09,4.0195e-09,4.8696e-10,5.3462e-11,5.7173e-12,4.328e-10,1.2549e-09,3.9806e-09,6.9995e-09
9.7508e-09,8.1678e-09,8.8615e-09,6.6035e-09,2.3755e-09,4.6093e-10,4.6551e-11,1.3046e-12,2.1446e-10,1.5175e-09,5.1549e-09,7.5376e-09
8.417e-09,8.4027e-09,8.9891e-09,6.5405e-09,3.5567e-09,1.1033e-09,2.3846e-10,1.3894e-10,6.446e-10,1.7211e-09,4.412e-09,8.014e-09
8.5568e-09,9.4616e-09,8.7251e-09,7.804e-09,4.182e-09,7.3692e-10,1.7477e-10,4.0322e-11,3.1905e-10,1.5112e-09,4.9291e-09,7.7548e-09
9.4746e-09,8.6022e-09,9.2493e-09,6.4761e-09,3.1452e-09,2.8792e-10,2.4766e-11,3.0758e-15,2.1323e-10,1.3547e-09,4.3193e-09,6.1883e-09
8.9068e-09,9.4681e-09,9.25e-09,6.3616e-09,3.4575e-09,6.8151e-10,1.0446e-10,1.086e-10,5.4514e-10,1.7454e-09,4.6885e-09,8.138e-09
8.2715e-09,8.6811e-09,9.2017e-09,7.1989e-09,2.867e-09,5.9646e-10,1.4266e-10,2.1891e-11,3.2392e-10,1.9945e-09,4.8328e-09,7.0208e-09
9.0162e-09,8.9571e-09,8.1166e-09,7.5323e-09,2.857e-09,8.9076e-10,2.0545e-10,1.804e-11,6.3987e-10,2.2539e-09,5.2184e-09,7.7274e-09
8.4813e-09,9.393e-09,8.8129e-09,6.8039e-09,2.7394e-09,5.9555e-10,1.4625e-10,2.2447e-11,4.1769e-10,1.6646e-09,4.8682e-09,7.5954e-09
8.0049e-09,9.5136e-09,9.3568e-09,6.8425e-09,3.7559e-09,9.3846e-10,1.9019e-10,3.9427e-12,1.4963e-10,1.5284e-09,6.3322e-09,7.5327e-09
8.0376e-09,9.6231e-09,8.9254e-09,6.6527e-09,2.9751e-09,7.9652e-10,1.5916e-10,4.4374e-12,4.6272e-10,1.2557e-09,4.2689e-09,7.3679e-09
8.5247e-09,9.2156e-09,8.1279e-09,7.7342e-09,3.9162e-09,6.8563e-10,2.6735e-10,6.6545e-11,5.6004e-10,2.1391e-09,5.5386e-09,7.932e-09
9.0494e-09,9.4257e-09,9.0571e-09,6.1857e-09,2.7279e-09,7.2964e-10,7.489e-11,4.1157e-11,5.4696e-10,1.5222e-09,4.6464e-09,8.4227e-09
8.3054e-09,9.572e-09,8.5962e-09,7.4272e-09,3.1233e-09,8.6128e-10,2.9065e-10,7.4299e-11,6.4589e-10,2.3092e-09,5.4793e-09,7.6391e-09
9.3702e-09,9.1765e-09,8.8623e-09,5.6591e-09,2.3324e-09,6.3716e-10,1.1541e-10,2.8327e-12,2.0526e-10,1.4691e-09,4.0485e-09,6.8285e-09
8.3513e-09,8.2068e-09,1.0593e-08,5.9881e-09,2.3722e-09,1.7485e-10,2.9864e-13,4.9756e-15,1.2156e-10,9.854e-10,4.0818e-09,5.961e-09
7.6953e-09,8.767e-09,7.5186e-09,7.3699e-09,2.5449e-09,4.648e-10,4.9023e-11,2.8652e-12,3.213e-10,1.5938e-09,4.7703e-09,6.0454e-09
