-0.69023,-1.1096,-1.2995,-1.2727,-0.80483,0.73379,3.6268,5.8846,5.5524,3.4871,1.1998,-0.24979
-0.95455,-1.2448,-1.3841,-1.3782,-0.92682,0.38376,2.8188,4.945,4.876,3.1443,1.1042,-0.15637
-0.8861,-1.2545,-1.3873,-1.36,-0.90593,0.40165,2.8407,5.0524,4.9738,3.0636,0.98139,-0.2652
-0.90735,-1.2552,-1.4144,-1.3622,-0.84497,0.61346,3.1161,5.0709,4.7449,2.8846,0.79855,-0.26069
-0.98387,-1.3015,-1.4172,-1.3902,-0.945,0.31816,2.9535,5.2812,4.6293,2.7732,0.83138,-0.35315
-1.0425,-1.3875,-1.5242,-1.4807,-1.0296,0.25677,2.637,4.6712,4.3711,2.6045,0.71679,-0.42878
-1.0808,-1.4275,-1.555,-1.512,-1.1535,0.10325,2.1571,4.1921,4.0576,2.4094,0.72255,-0.32953
-1.0956,-1.4692,-1.5738,-1.5477,-1.2577,-0.096611,1.8536,3.646,3.5584,1.98,0.60054,-0.39538
-1.1726,-1.4552,-1.5673,-1.5372,-1.2306,-0.12429,1.9894,3.5886,3.5277,2.0163,0.3177,-0.678
-1.2383,-1.4733,-1.5175,-1.4604,-1.1823,0.099129,2.4419,4.4104,4.2436,2.2764,0.50608,-0.57319
-1.2142,-1.4398,-1.5102,-1.4547,-1.0927,0.15586,2.2446,4.0169,3.8237,2.2998,0.58718,-0.48478
-1.1585,-1.4422,-1.5689,-1.5259,-1.221,-0.080774,1.8102,3.533,3.3319,1.8824,0.31324,-0.62124
-1.2113,-1.5044,-1.5808,-1.5518,-1.2419,-0.06983,1.948,3.7017,3.5093,2.0836,0.57013,-0.63602
-1.2504,-1.4634,-1.5696,-1.5116,-1.0961,0.23383,2.3342,3.8424,3.7027,2.1373,0.60334,-0.51364
-1.2253,-1.5034,-1.5964,-1.5746,-1.2444,-0.11924,1.8744,3.5502,3.2341,1.7334,0.18136,-0.8086
-1.3265,-1.531,-1.6143,-1.607,-1.3214,-0.18391,1.9763,3.885,3.4104,1.7095,0.22692,-0.72326
-1.3541,-1.5548,-1.649,-1.6476,-1.4228,-0.33758,1.8714,3.5298,3.452,2.0911,0.30885,-0.73443
-1.3241,-1.5902,-1.6664,-1.6139,-1.2683,-0.19366,1.5241,3.1992,2.9055,1.4367,0.055733,-0.86751
-1.3208,-1.5734,-1.6342,-1.5454,-1.295,-0.23303,1.8103,3.4717,3.1571,1.7596,0.21255,-0.73336
-1.3342,-1.5888,-1.65,-1.6213,-1.3176,-0.13405,1.7634,3.382,3.426,1.9577,0.22858,-0.75373
-1.3131,-1.5823,-1.6355,-1.5891,-1.3592,-0.27067,1.5743,3.1378,3.1907,1.5591,0.0075519,-0.88357
-1.3507,-1.5908,-1.6044,-1.5696,-1.2376,-0.086205,2.0745,4.0302,3.4977,2.015,0.38877,-0.65267
-1.2406,-1.4995,-1.5596,-1.4929,-1.0715,0.13036,2.0901,3.8439,3.5539,2.0542,0.51208,-0.4793
-1.1363,-1.4744,-1.5565,-1.525,-1.1498,0.31549,2.8397,4.5854,4.1968,2.5031,0.67071,-0.51354
-1.1698,-1.4418,-1.5563,-1.5157,-1.1595,0.048483,1.9974,3.6335,3.3323,1.9518,0.45159,-0.56321
-1.2254,-1.4705,-1.5496,-1.5268,-1.1411,0.10174,1.9284,3.8132,3.4013,1.9092,0.34045,-0.59329
-1.2109,-1.4714,-1.5671,-1.567,-1.27,-0.1449,1.9762,3.73,3.4097,1.9046,0.36895,-0.5235
-1.1789,-1.5092,-1.6321,-1.5781,-1.2646,-0.013118,2.1362,3.9364,3.5031,1.8907,0.42065,-0.57942
-1.2318,-1.5195,-1.6305,-1.6097,-1.264,-0.16068,1.654,3.3414,3.1586,1.8134,0.33683,-0.67512
-1.3059,-1.6096,-1.6797,-1.628,-1.3965,-0.35264,1.5612,3.2228,3.0595,1.5964,0.19595,-0.77207
-1.2539,-1.5393,-1.6353,-1.615,-1.2095,-0.029893,2.1229,3.953,3.629,1.8709,0.30624,-0.70764
-1.27,-1.5555,-1.6566,-1.6289,-1.2637,-0.13816,1.7023,3.208,2.946,1.7429,0.40411,-0.59088
-1.26,-1.5634,-1.6189,-1.5895,-1.2577,-0.068733,1.7624,3.3158,2.9836,1.6778,0.21647,-0.72452
-1.3156,-1.5444,-1.6146,-1.604,-1.3044,-0.12216,1.81,3.367,3.3412,1.9093,0.22054,-0.72363
-1.2871,-1.5092,-1.5581,-1.554,-1.2194,-0.097472,1.638,2.8669,2.7759,1.4864,0.17801,-0.72079
-1.3162,-1.5272,-1.6099,-1.5321,-1.2003,-0.061221,1.919,3.669,3.2933,1.6052,0.18688,-0.76821
-1.3604,-1.5882,-1.6587,-1.6198,-1.321,-0.27426,1.3375,2.8189,2.6596,1.3186,0.014197,-0.84721
-1.3304,-1.5422,-1.6013,-1.5742,-1.2549,-0.045311,2.1016,3.7807,3.5554,2.0246,0.21395,-0.75998
-1.3449,-1.5564,-1.6341,-1.6301,-1.3157,-0.34676,1.1363,2.4784,2.423,1.2155,-0.091929,-0.9343
-1.4086,-1.6109,-1.6973,-1.6778,-1.4008,-0.36228,1.7392,3.5028,3.3124,1.8149,0.1059,-0.89498
-1.4067,-1.647,-1.7137,-1.6427,-1.3106,-0.18082,1.7479,3.346,3.0984,1.6091,0.23783,-0.71974
-1.3585,-1.6454,-1.7017,-1.6409,-1.3379,-0.22373,1.9173,3.639,3.4511,1.9348,0.21191,-0.81774
-1.302,-1.5363,-1.6121,-1.5814,-1.2527,-0.22443,1.5265,2.9683,2.7826,1.4629,0.11893,-0.73754
-1.267,-1.4773,-1.5339,-1.4971,-1.2,-0.078707,1.6759,3.1882,2.8223,1.6152,0.19251,-0.80415
-1.279,-1.5334,-1.6091,-1.5908,-1.3479,-0.3421,1.2785,2.7112,2.697,1.314,0.10499,-0.80894
-1.3379,-1.5618,-1.6373,-1.6156,-1.2286,0.0011406,2.0038,3.5683,3.3717,1.8997,0.38855,-0.65875
-1.3002,-1.5581,-1.5892,-1.4724,-0.98846,0.22526,2.369,4.2176,3.766,2.1376,0.45746,-0.63896
-1.2782,-1.4634,-1.538,-1.5113,-1.1642,0.059601,1.9426,3.4584,2.867,1.6012,0.28568,-0.71343
-1.3078,-1.4892,-1.5286,-1.4987,-1.3362,-0.41718,1.4133,2.8876,2.5887,1.4487,0.07043,-0.86594
-1.359,-1.5489,-1.625,-1.6091,-1.2664,-0.13257,1.818,3.6433,3.2139,1.6605,0.13231,-0.80255
-1.359,-1.5916,-1.6654,-1.6445,-1.2949,-0.22146,1.6313,3.4687,3.254,1.7272,0.36204,-0.68496
-1.2959,-1.6033,-1.6563,-1.612,-1.2868,-0.10271,1.888,3.5539,3.2216,1.9149,0.57862,-0.52133
-1.05,-1.3234,-1.4782,-1.4493,-1.0927,0.12049,2.2034,3.6585,3.3302,1.9834,0.49605,-0.52027
-1.1131,-1.4317,-1.5383,-1.5043,-1.1763,-0.1528,1.8412,3.5827,3.5184,2.0128,0.43326,-0.62186
-1.2231,-1.5045,-1.6062,-1.6103,-1.3379,-0.22755,1.7552,3.4976,3.367,1.8245,0.17981,-0.69821
-1.2399,-1.5148,-1.5941,-1.5391,-1.145,0.071704,2.1778,3.9352,3.648,1.9813,0.50515,-0.59601
-1.2414,-1.519,-1.573,-1.5352,-1.1871,-0.026163,2.0379,3.7383,3.2871,1.8745,0.31279,-0.71688
-1.2609,-1.4385,-1.4944,-1.4586,-1.0913,0.17487,2.4465,4.1453,3.6273,2.2278,0.68938,-0.32622
-1.0845,-1.4666,-1.5912,-1.56,-1.274,-0.15928,1.8191,3.6052,3.4188,1.7941,0.34547,-0.69734
-1.2826,-1.5381,-1.611,-1.576,-1.1495,0.2443,2.8204,4.7571,4.1119,2.2315,0.66209,-0.56164
-1.2568,-1.5289,-1.609,-1.5531,-1.2496,-0.059303,1.8806,3.6011,3.1734,1.8468,0.32878,-0.65321
-1.2816,-1.5089,-1.5841,-1.5558,-1.2078,-0.22468,1.6736,3.1979,2.8071,1.4233,0.14238,-0.75514
-1.298,-1.5509,-1.6159,-1.5496,-1.1851,-0.14658,1.9883,3.6458,3.2285,1.7672,0.2538,-0.77746
-1.3208,-1.5416,-1.6063,-1.5709,-1.2201,-0.020808,2.1933,4.2507,3.9889,1.9527,0.35984,-0.69285
-1.2665,-1.5043,-1.6165,-1.6102,-1.2478,-0.25212,1.8649,3.9115,3.5874,2.1142,0.31167,-0.68307
-1.3283,-1.5679,-1.6548,-1.6165,-1.2373,0.027952,2.2266,3.8746,3.2294,1.8226,0.39033,-0.62778
