0.91683,0.87388,0.8634,0.85844,0.80968,0.54937,0.59102,0.57409,0.72024,0.79715,0.86766,0.90218
0.89123,0.89076,0.87637,0.83777,0.78996,0.61992,0.52803,0.55925,0.69514,0.85502,0.84437,0.90289
0.91364,0.90223,0.85512,0.85411,0.79705,0.58001,0.54337,0.57468,0.66511,0.80755,0.84265,0.89923
0.91103,0.90132,0.89973,0.83916,0.71266,0.58671,0.52999,0.58362,0.70735,0.81878,0.83147,0.9123
0.8984,0.90908,0.8528,0.85525,0.74909,0.5703,0.54307,0.59921,0.69582,0.80749,0.81818,0.91359
0.90702,0.87339,0.87532,0.82516,0.76659,0.57914,0.52453,0.57687,0.65953,0.84935,0.84799,0.89124
0.91304,0.90245,0.84961,0.863,0.80574,0.60494,0.53396,0.54666,0.72872,0.8557,0.84074,0.89085
0.9447,0.91884,0.85934,0.87671,0.7281,0.56156,0.50487,0.51517,0.66709,0.81713,0.79643,0.85037
0.9408,0.90651,0.86869,0.85725,0.76246,0.55533,0.49714,0.54544,0.67951,0.80749,0.86724,0.86937
0.87255,0.92204,0.90095,0.85001,0.74736,0.59357,0.47279,0.54299,0.65274,0.75131,0.8895,0.87584
0.91596,0.92409,0.91593,0.83347,0.72858,0.53293,0.50526,0.51629,0.65563,0.79628,0.79343,0.88133
0.9322,0.92326,0.88178,0.88644,0.752,0.59199,0.53638,0.55492,0.69976,0.84588,0.82621,0.8729
0.91003,0.94433,0.88692,0.8409,0.71641,0.53328,0.44288,0.4857,0.67207,0.81946,0.83482,0.82489
0.87761,0.92307,0.90838,0.87325,0.77323,0.54751,0.50568,0.47099,0.64455,0.83156,0.79654,0.86743
0.91346,0.92236,0.92919,0.86028,0.75617,0.51584,0.40853,0.39024,0.67323,0.8589,0.86386,0.73727
0.82539,0.88588,0.92461,0.83739,0.65649,0.50696,0.3628,0.42726,0.59045,0.75752,0.82924,0.80552
0.87253,0.88543,0.89231,0.86579,0.70988,0.51075,0.4324,0.36413,0.56205,0.76185,0.82219,0.80918
0.86004,0.91296,0.92418,0.84077,0.68968,0.55011,0.40379,0.42877,0.59358,0.81543,0.85035,0.82353
0.8303,0.91612,0.93519,0.86723,0.75487,0.50213,0.45238,0.41726,0.65534,0.7794,0.80444,0.78801
0.85194,0.89512,0.89493,0.86172,0.69189,0.43832,0.42942,0.46274,0.6427,0.8084,0.87388,0.8664
0.86413,0.90358,0.88307,0.85893,0.684,0.535,0.40571,0.32461,0.60935,0.8118,0.84193,0.77083
0.79884,0.8915,0.87857,0.81269,0.7034,0.52962,0.40937,0.38524,0.58098,0.82898,0.77549,0.7834
0.83184,0.90269,0.89409,0.86253,0.74856,0.49717,0.43233,0.50535,0.61766,0.82674,0.80322,0.83415
0.87312,0.89395,0.87974,0.82506,0.71945,0.5642,0.50547,0.46487,0.66536,0.81928,0.82955,0.79447
0.87537,0.89859,0.90606,0.83916,0.68219,0.4773,0.47321,0.48838,0.63525,0.80093,0.84651,0.85826
0.89749,0.92293,0.87741,0.84117,0.76432,0.5264,0.44027,0.5027,0.65834,0.83026,0.82098,0.8227
0.86702,0.92246,0.87375,0.85254,0.66364,0.46552,0.43285,0.40997,0.619,0.75426,0.85173,0.81316
0.849,0.92118,0.88704,0.83296,0.6861,0.5564,0.44902,0.44021,0.64816,0.84446,0.81287,0.79065
0.88929,0.88837,0.90978,0.81296,0.67669,0.51976,0.4705,0.53639,0.62594,0.83195,0.80698,0.82035
0.84841,0.89387,0.9161,0.85688,0.69998,0.48169,0.41992,0.45205,0.62614,0.83852,0.76256,0.81005
0.87903,0.9061,0.87479,0.88675,0.70506,0.53284,0.48167,0.46644,0.61789,0.78398,0.82653,0.85267
0.85465,0.911,0.89865,0.86746,0.69893,0.5266,0.47852,0.46776,0.65247,0.79415,0.79962,0.88687
0.90718,0.9288,0.86816,0.87944,0.72588,0.48982,0.39865,0.43624,0.60777,0.81092,0.77841,0.81841
0.86656,0.91491,0.87396,0.88457,0.73537,0.48978,0.45193,0.4578,0.64586,0.76271,0.80674,0.86604
0.92165,0.93268,0.89634,0.85976,0.71294,0.52722,0.50798,0.42134,0.7113,0.83991,0.85329,0.8927
0.85421,0.85113,0.87583,0.82509,0.72687,0.4874,0.4589,0.43481,0.56139,0.85205,0.83792,0.82306
0.89665,0.91912,0.88258,0.83784,0.72069,0.52112,0.48741,0.47401,0.64711,0.82281,0.79228,0.87309
0.87302,0.92078,0.85789,0.84794,0.74365,0.52122,0.4473,0.47132,0.61701,0.80558,0.82584,0.8204
0.89191,0.91208,0.90342,0.82869,0.71265,0.4682,0.42653,0.45002,0.53453,0.78803,0.81362,0.81417
0.91351,0.93207,0.87106,0.84328,0.70889,0.53286,0.44121,0.54403,0.67136,0.81192,0.8228,0.87319
0.88436,0.90319,0.89028,0.84565,0.67688,0.45403,0.42698,0.4506,0.59394,0.79506,0.81575,0.8291
0.86101,0.91914,0.90155,0.82117,0.72036,0.53459,0.44696,0.4882,0.62087,0.77706,0.86303,0.87052
0.85091,0.91364,0.87522,0.83721,0.64744,0.46774,0.45115,0.42339,0.56021,0.82435,0.74724,0.82569
0.82601,0.87216,0.88966,0.81232,0.64022,0.49666,0.39265,0.38166,0.65427,0.78521,0.86136,0.81269
0.82123,0.86792,0.88288,0.85942,0.64656,0.45385,0.35044,0.41243,0.53132,0.78884,0.82506,0.79822
0.77647,0.85705,0.93116,0.81798,0.70639,0.47354,0.40448,0.49148,0.66285,0.78491,0.78672,0.82467
0.87906,0.92571,0.89646,0.90483,0.73238,0.46352,0.30798,0.36026,0.62892,0.77233,0.78351,0.78869
0.84605,0.87819,0.91035,0.87008,0.697,0.39754,0.34146,0.3139,0.57838,0.77901,0.81129,0.74806
0.83766,0.85949,0.87077,0.85933,0.65523,0.46586,0.39732,0.34233,0.54078,0.78078,0.78844,0.77907
0.83328,0.84725,0.88234,0.85982,0.65633,0.41672,0.37599,0.30664,0.51756,0.74774,0.80239,0.82274
0.80531,0.8438,0.91424,0.84258,0.6572,0.45516,0.40167,0.35832,0.63777,0.7476,0.81925,0.88303
0.82407,0.84067,0.89418,0.88409,0.70994,0.51207,0.40728,0.40445,0.58641,0.81873,0.82192,0.83124
0.79929,0.84093,0.87471,0.84099,0.72281,0.49587,0.42771,0.34541,0.61308,0.79294,0.87243,0.7854
0.7947,0.93527,0.86959,0.80857,0.65587,0.42611,0.37795,0.30954,0.57715,0.78876,0.74686,0.78548
0.78787,0.87005,0.8289,0.83354,0.68825,0.51872,0.38603,0.40802,0.55902,0.84303,0.80307,0.80638
0.87518,0.89579,0.8924,0.84722,0.65938,0.52926,0.43547,0.41624,0.62667,0.85131,0.81328,0.80753
0.79317,0.89559,0.92225,0.85565,0.68223,0.4606,0.33363,0.34334,0.52786,0.84264,0.76715,0.80953
0.78316,0.847,0.88506,0.84646,0.67994,0.42829,0.37099,0.33177,0.57431,0.70302,0.79141,0.81672
0.80654,0.90011,0.86632,0.85291,0.70688,0.45152,0.4012,0.42711,0.56303,0.80625,0.83335,0.81921
0.78474,0.89166,0.92031,0.86265,0.70905,0.45866,0.45669,0.47609,0.59424,0.81817,0.81877,0.8002
0.87004,0.90628,0.89817,0.84019,0.71929,0.52129,0.48614,0.4705,0.61443,0.8436,0.76744,0.79056
0.86043,0.92027,0.89496,0.82552,0.68955,0.54027,0.45635,0.47469,0.62883,0.80187,0.82853,0.8511
0.88328,0.91475,0.91544,0.84733,0.6565,0.46192,0.39987,0.45732,0.62082,0.84576,0.85463,0.84442
0.83818,0.83571,0.86991,0.86206,0.71074,0.4857,0.44135,0.47083,0.57483,0.77806,0.82186,0.85285
0.87997,0.88866,0.90016,0.83787,0.68598,0.48879,0.43165,0.46542,0.61694,0.79102,0.81964,0.83749
0.79251,0.93287,0.88634,0.83414,0.70184,0.51614,0.46614,0.5165,0.61227,0.75261,0.81205,0.836
0.83616,0.87981,0.86985,0.85674,0.71002,0.55214,0.474,0.42593,0.64418,0.8272,0.87355,0.84217
0.84325,0.87583,0.88789,0.81547,0.68081,0.52043,0.47733,0.44238,0.64516,0.81375,0.86702,0.8392
0.83286,0.87307,0.92391,0.81948,0.72434,0.4615,0.43313,0.37507,0.56925,0.80591,0.80214,0.78088
0.8861,0.89521,0.92337,0.81554,0.69877,0.55691,0.45785,0.44054,0.65231,0.77246,0.84513,0.84812
0.85178,0.91178,0.90582,0.87291,0.73049,0.56097,0.43405,0.33827,0.62871,0.7901,0.78485,0.81743
0.85663,0.9119,0.92432,0.8445,0.714,0.51733,0.44461,0.38187,0.64057,0.80789,0.82275,0.8356
0.79902,0.89624,0.90939,0.84626,0.70794,0.50548,0.40261,0.39579,0.59121,0.79609,0.83164,0.85647
0.80804,0.89363,0.87981,0.8543,0.6979,0.54794,0.42574,0.41553,0.6101,0.77576,0.77805,0.82654
0.83181,0.89662,0.90463,0.85065,0.71982,0.44573,0.40986,0.44897,0.57216,0.785,0.77094,0.81987
0.84416,0.87899,0.92353,0.89249,0.74187,0.51512,0.40905,0.40135,0.57661,0.74613,0.82964,0.84367
0.84154,0.91396,0.86914,0.84879,0.66933,0.42532,0.41647,0.40062,0.65445,0.76448,0.77514,0.80102
0.83083,0.90307,0.9007,0.83354,0.71686,0.51241,0.52875,0.49691,0.64514,0.81172,0.80576,0.84145
0.85184,0.89225,0.88647,0.87087,0.7489,0.48811,0.40305,0.44594,0.63051,0.81045,0.83577,0.81722
0.87667,0.9019,0.91215,0.84224,0.75202,0.52869,0.46169,0.43331,0.54768,0.80413,0.85459,0.81933
0.83543,0.91499,0.87939,0.81803,0.71421,0.44992,0.32496,0.28697,0.56756,0.75911,0.78188,0.81116
0.88674,0.88982,0.88993,0.82885,0.64075,0.48245,0.46565,0.45208,0.58395,0.76972,0.8668,0.84771
0.84066,0.86382,0.896,0.83433,0.72803,0.4962,0.40683,0.42459,0.55587,0.79222,0.79942,0.80052
0.85504,0.89217,0.8906,0.83755,0.72379,0.5036,0.43686,0.44216,0.62989,0.82169,0.81667,0.79755
0.85347,0.9116,0.92775,0.82387,0.67678,0.47572,0.37784,0.40479,0.55296,0.81763,0.77522,0.76483
0.836,0.87412,0.87883,0.83984,0.65886,0.49017,0.41618,0.44525,0.59531,0.77252,0.78129,0.84087
0.83072,0.90032,0.89748,0.86824,0.69667,0.42861,0.38943,0.37648,0.56965,0.78978,0.76674,0.74632
0.81922,0.89045,0.93433,0.83221,0.71755,0.48407,0.43325,0.45157,0.60848,0.78742,0.79919,0.87921
0.86602,0.9273,0.87217,0.82609,0.67018,0.46045,0.40325,0.38012,0.53331,0.77119,0.82372,0.77305
0.855,0.86165,0.89268,0.85024,0.6667,0.506,0.41855,0.40985,0.60575,0.79112,0.78692,0.78098
0.87525,0.87823,0.88879,0.85446,0.73021,0.43134,0.42117,0.47197,0.5666,0.79914,0.77556,0.82231
0.85555,0.86994,0.90774,0.83563,0.62524,0.44245,0.3709,0.31355,0.54233,0.70932,0.81807,0.81464
0.78356,0.8733,0.87558,0.79506,0.67042,0.47577,0.40465,0.40583,0.61149,0.8033,0.80936,0.83101
0.7938,0.89226,0.83536,0.81799,0.64086,0.46234,0.28818,0.33596,0.5626,0.72225,0.80555,0.78282
0.84936,0.87221,0.84609,0.80098,0.64169,0.42994,0.32928,0.29677,0.61562,0.76756,0.79623,0.80907
0.75137,0.87106,0.87867,0.81903,0.63512,0.48506,0.40457,0.34934,0.59836,0.74071,0.7653,0.83868
0.84657,0.8126,0.85479,0.84658,0.62728,0.52751,0.43461,0.39675,0.59964,0.84781,0.77174,0.81091
0.83279,0.87355,0.89053,0.84858,0.65833,0.40535,0.33379,0.39601,0.53914,0.78477,0.81878,0.80751
0.76654,0.82765,0.86989,0.84646,0.67493,0.47062,0.36657,0.27945,0.58153,0.74706,0.79582,0.76196
0.80092,0.87816,0.85466,0.85096,0.71191,0.46534,0.32686,0.33834,0.59255,0.82442,0.84399,0.77061
