5556.3,10370,14564,17378,17959,14325,6618.3,1793.6,619.35,373.22,757.65,1790.4
4754,8981.9,13940,17804,18587,15797,8476.7,2573.7,984.96,640.18,962.04,2025.4
5513.6,9607.7,12615,15958,16837,14874,8519.9,2910.9,1212.5,815.88,1059,2052.4
5385.2,9275.4,13256,17425,18559,16804,10993,4407.6,1752.6,1175.2,1681.6,2939.3
6487.9,10440,14472,18493,19313,15999,9578.3,3413.6,1216.9,653.07,714.05,1447.4
3244.3,8069.2,12540,16269,17366,13620,5034.5,935.53,172.74,54.14,127.74,571.08
2486,6026.6,9986,13417,14754,11164,5126.8,902.84,194.17,67.527,87.669,1066.3
2781.3,7066.1,10517,14987,15427,13483,6897.7,1630.7,467.21,246.93,360.31,791.2
3928.2,9234.5,13765,17962,17950,14649,8417.8,3015.5,929.11,398.76,791.52,3124.3
6472.5,9249.5,12815,15231,16234,14295,9179.8,3362.1,1029.6,575.65,774.3,2314.8
6165.9,9587.4,13750,16188,17210,15053,9027.1,3077.2,1176.7,743.95,937.12,1940.5
4448.3,8566.5,11835,15595,17122,14874,7783.8,1970.1,544.26,256.47,486.77,1783.5
4986.7,8362.8,12004,15133,15939,13681,8214,2634.3,927.67,568.93,845.06,1492.1
3962.3,8092.1,12203,15383,16475,13606,8499.7,2802.1,756.41,357.09,652.19,1792.8
6393.1,9969,13810,16837,18255,16878,9368.4,2989.2,1135.1,850.91,1178.4,1869.8
4489.2,8999.4,12070,15049,16666,14497,7547.7,1997.2,679.23,407.16,479.42,1074
4129.9,7696.1,11474,15611,17318,14208,6955.6,1773.3,515.21,227.79,395.84,946.94
3635.6,7680.2,11959,15616,17416,15167,9355.4,3127.5,941.48,559.35,965.95,2256.1
4376,8251.3,11228,15218,16154,13510,8180.4,2449.2,775.34,388.98,437.87,1390.8
3077.9,6578.2,10335,14596,16204,12990,5788.2,1230.5,231.77,79.34,57.256,827.28
3456.9,8620,13136,16931,17879,14320,7033,1396.9,359.72,164.29,354.11,917.96
3094.9,7666.8,10662,14024,15867,15002,9763.8,3545.1,1050.7,742.04,971.03,1590.1
3074.9,7425.9,11094,14130,15342,12276,5717.4,1193.7,299.91,100.75,153.58,736.23
2689.9,6210.9,10236,13730,14857,13242,8348.1,2665.3,788.63,438.83,987.8,2336.9
5063.1,7752.2,11429,14265,14597,12253,5425.7,1470.8,416.34,197.04,405.53,1080.9
3313.7,7811.7,10983,12916,14382,11015,4037.2,781.69,149.51,40.506,27.196,210.53
1051.7,4180.5,8433.7,11439,12010,9152.3,3148.7,378.3,51.415,9.0694,3.0772,136.3
1131.1,4179.7,7730,12613,15380,14145,8656.1,2108.2,504.98,261.38,461.33,1654.1
4205.6,7348.1,10410,14093,14421,12001,6437.7,1400,399.15,152.15,149.16,479.09
2077.3,6206.1,10856,15625,18251,15525,8327.4,2171.9,551.79,276.9,467.3,1615.5
4774.5,9930.5,14244,18535,19240,14868,7889.6,1998.1,438.5,134.16,65.832,483.18
3439.3,7932.5,11770,14607,16138,13742,8142.6,2403.5,638.61,277.64,441.51,1255.1
3359.1,7567.5,11789,15784,17169,14927,8768.9,2651.2,758.75,415.14,821.65,1866.2
5021.6,9980.5,13519,16640,17070,13472,6620.9,1532.4,344.47,109.7,157.1,693.49
2296.6,4892.4,8046,10764,11587,9626.4,5084.2,582.01,106.03,29.805,44.777,765.3
2776.5,5682,8807.9,13452,15282,12416,6728.1,1474,465.43,224.36,361.99,1250
3944.3,6790.1,10344,14792,16580,15159,8534.4,2081.5,519.16,260.36,304.41,709.61
2634,6102.3,8701.9,10763,12376,9507.5,3979.9,607.05,110.98,34.7,55.764,356.84
966.58,3687.8,6810.5,10925,12809,11442,6579.7,1114.5,255.67,111.18,183.51,699.19
2360.7,5999.4,10165,14285,15800,12601,5341.8,925.45,180.49,51.092,104.82,682.78
3195.9,7219.2,10297,13307,14545,11032,3165.4,543.09,71.538,16.414,44.478,432.36
2495.5,5382.1,9661.9,12322,14014,11284,5450.6,905.98,190.2,44.368,17.35,199.16
3040.3,6208.5,10425,14530,15724,12648,6119.6,1149.1,245.95,81.789,205.12,1130.9
4037.1,8629.1,11708,15881,16507,13715,7779.5,2060.5,649.4,323.27,469.73,1333.2
4119.7,8423.4,12959,15288,16459,13760,7476.6,2032.1,564.3,227.44,152.32,300.51
1670.3,4572.4,8436.1,11729,14636,13224,7897.8,2091.1,473.29,225.66,544.84,1305.6
3061.3,6555.2,9739.1,13641,15648,13685,6764.5,1613.3,503.46,263.87,466.25,1445.8
4165.7,8136,12091,15359,16652,13360,6781.8,1539.8,443.68,144.54,100.83,344.54
1688.6,4202.2,8566.2,11845,13636,12428,7407.9,2013.1,528.95,280.15,363.47,795.49
2125,6055.5,10029,13952,15332,11947,4201.6,678.09,102.56,18.391,43.713,476.02
1739.8,4494.9,6752.1,10281,11484,10521,5866,1057.9,167.49,57.405,107.39,1040.6
3002.9,7249.9,11327,13456,13730,11028,3534.1,573.15,72.29,14.345,69.723,330.2
1607.5,5143.5,8479.6,12169,13929,13102,7192.3,1251.4,282.27,115.17,277.92,1228.5
3836.9,7491.3,11704,15197,17486,15955,9782.1,2664.8,649.93,314.68,523.36,2251.3
4446.3,7628.7,10624,14594,15189,12083,5975.8,1374.7,399.18,217.77,252.63,761.3
2681.6,4917.5,8688.2,12667,13937,11919,7062.6,1456.6,347.59,128.13,327.45,1002.2
2803.1,6256.3,10605,13134,14332,11675,6573.9,1647.6,442.48,184.26,236.14,1028.2
3433.7,5332.6,8574.2,11022,12790,11722,6608.1,1591.3,407.11,163.85,231.82,1404.3
4385.4,7548.9,10476,13208,14249,11691,6066.9,1556.7,443.97,191.79,256.78,560.1
2459.9,6173.5,10620,14511,16507,14947,9361.8,2537.1,684.93,388.57,470.69,904.36
2739.9,6319.6,9873.3,13392,14116,10935,5287.2,995.57,247.13,84.184,171.69,553.59
2961.8,5680,8880.5,13204,15635,14773,8004,1690.5,448.86,178.26,319.94,1136.3
4322.1,7779.8,10826,13471,15042,13204,7047.3,1519.9,360.04,127.75,200.04,1126.3
3785.1,8033.9,11021,13729,14036,10702,4375.5,746.07,133.79,25.902,74.736,437.98
2113.2,5689.7,8912.7,12330,14195,12978,8390.4,2635.9,673.2,454.31,1003,1887.8
3509.6,6759.7,9925.5,12291,12636,10547,5148.1,883.91,203.49,59.327,137.5,580.44
2218.4,4929.5,8813.5,11819,12761,11076,6558.1,1372.9,382.37,164.98,267.74,1257.4
2727.4,5871.6,9283,12031,12505,9681.8,4701.4,854.64,185.66,56.642,74.645,434.66
1674,4312.5,7172.6,9139.9,10256,8463.8,3689.7,550.25,109.33,32.29,30.378,285.63
1707.6,5098.7,7439.2,9912.9,11428,9947.4,4428.2,627.02,121.05,43.566,124.33,694.76
1831.1,4226.6,8146.3,11724,13582,12726,6601,1305.3,331.34,132.33,207.72,819.28
2422.6,5456.6,10376,13631,14218,12032,5499.2,1067.9,240.56,77.274,156.97,628.86
2710.3,5732.2,9643.9,13207,12693,9441.1,4814.1,803.82,160.34,41.454,79.531,439.31
1547.9,4083.9,6503.4,10045,10736,8071.4,2775.9,500.11,87,25.392,42.204,158.93
872.55,3192.4,6890.3,10318,11286,7561.8,1728.2,160.41,12.125,1.2554,0.28234,0.1231
256.55,2899.9,5994,8500,9667.7,6798,1169.5,84.297,7.8913,1.3163,0.48487,19.837
444.76,2704.7,6389.7,9572.3,11057,9290.2,3346.7,292.07,42.505,9.0563,11.742,248.56
976.43,5186.8,8414.9,12958,15093,12038,5168.5,887.39,162.46,45.345,16.348,305.15
1970.8,4499.3,7471.9,10428,11569,10917,5587.7,1354.3,312.33,131.26,213.95,761.62
2007.5,4385.7,7822.2,10826,11934,9401.4,2621.5,332.59,39.31,8.2779,3.5563,167.17
898.89,3499.5,6529.1,9814.1,11377,10329,5768.7,1033.3,151.37,46.684,41.676,807.12
2010.4,3741.6,7722.1,11771,13758,12512,7423.1,1678.7,362.6,123.3,66.282,995.45
2820.7,6978.6,11037,14666,15734,14056,7496.5,1641.9,408.44,153.31,140.93,765.86
2574.6,6416.5,9126.1,11625,12745,11985,6500.9,1104.9,275.42,121.39,232.05,957.68
2534,5265.2,8036.5,10786,12006,9093.8,3327.8,769.38,162.91,69.455,150.97,362.97
1232.1,3655.9,6510.1,10305,11726,7392.6,1756.3,231.62,22.277,3.1166,1.4038,135.58
738.5,4205.7,8221.9,12320,13927,11555,5395.1,688.88,129.92,28.212,14.251,246.86
1716.7,4526.9,8352.8,12968,15516,13967,7598.6,1366.7,324.66,94.948,235.98,925.94
2774.8,6667.2,10765,13195,14128,12543,7414.1,1909.3,428.51,176.39,243.56,1213.1
3636.1,7721.7,11487,15226,16749,13676,7324,1609.4,359.15,129.27,75.538,680.41
3546.4,7361.1,9889.4,12098,13011,11407,6591.1,1663.8,472.93,212.61,198.35,517.24
2133.5,6069.6,9009.6,11696,12801,10157,4197.4,780.63,166.93,59.752,70.115,288.82
1660.8,3446.7,7992,10109,11350,8473.3,2616.2,328.25,48.314,14.012,55.902,391.04
1369.9,3567.3,6427.8,9479.6,10649,10117,5813.7,1094.2,219.22,111.69,283.05,1347.6
