0.0018222,0.001399,0.0014983,0.0025471,0.004099,0.0062704,0.007717,0.0075543,0.0065423,0.0047204,0.0034801,0.002687
0.0018427,0.0018364,0.0015991,0.0024203,0.0043124,0.0063479,0.0078398,0.008068,0.0070089,0.0050162,0.0038537,0.0026029
0.0021269,0.0020062,0.0017471,0.00225,0.0038218,0.0062634,0.0078415,0.0078391,0.0070025,0.0049209,0.0037169,0.0027344
0.0018847,0.0016908,0.0019457,0.0023247,0.003739,0.0061161,0.0076973,0.0078589,0.0069445,0.0051526,0.0037048,0.0029253
0.0023106,0.0015666,0.0014985,0.0021487,0.0039567,0.0064167,0.0080824,0.0078538,0.006879,0.0047735,0.0034792,0.0027583
0.0022311,0.0022989,0.0021108,0.0029665,0.0048785,0.006924,0.0085358,0.0089612,0.0075286,0.0052129,0.0040155,0.0030023
0.0024737,0.0018173,0.0017751,0.0024271,0.0043331,0.0063156,0.0078356,0.008104,0.0069535,0.0049153,0.0036017,0.0029916
0.002356,0.0021154,0.0017555,0.0027731,0.0045638,0.0066826,0.0084716,0.0088953,0.0076193,0.0053923,0.0037354,0.0028641
0.0025414,0.0018908,0.0019916,0.0030325,0.0047328,0.0069067,0.0087545,0.0088361,0.0076339,0.0056331,0.0043567,0.0031814
0.0026735,0.001861,0.0023134,0.0027721,0.0044317,0.0068423,0.0082245,0.0085703,0.0071889,0.0054201,0.0039319,0.0031623
0.0026257,0.0019795,0.0021604,0.0029094,0.0041963,0.0064357,0.0082581,0.0083583,0.0072267,0.0053069,0.0039178,0.0030367
0.0021417,0.0018021,0.0020104,0.0025145,0.004277,0.0065565,0.0087022,0.0085489,0.0071436,0.0054933,0.0039355,0.002905
0.00247,0.0021208,0.0017388,0.0032454,0.0049991,0.00722,0.0088585,0.009146,0.0077336,0.005593,0.0040324,0.0030133
0.0026225,0.0022396,0.002473,0.0026823,0.0046699,0.0070038,0.0083565,0.0087391,0.0074641,0.0055634,0.0040478,0.0030357
0.0024423,0.0019421,0.0020225,0.0029247,0.005044,0.0070452,0.0089401,0.0091339,0.0078619,0.0057468,0.0041454,0.0032904
0.0025294,0.0020239,0.0017356,0.002602,0.003816,0.0065792,0.0084527,0.0083834,0.0072802,0.0051868,0.0039649,0.0029254
0.0021891,0.0020086,0.0018068,0.0024128,0.0039136,0.0064774,0.0082312,0.0083169,0.0071262,0.0054197,0.0041642,0.002914
0.0022992,0.002212,0.0016558,0.00295,0.0049922,0.0071578,0.0087404,0.0089834,0.0078697,0.0056121,0.0042682,0.0034696
0.0027426,0.0027105,0.0025111,0.0033285,0.005087,0.0072713,0.0090196,0.0093136,0.0080254,0.005788,0.0041805,0.0033332
0.0026736,0.0019437,0.0023366,0.0027044,0.0044538,0.0066564,0.0086641,0.0089082,0.0075931,0.0052677,0.0039802,0.0030389
0.0023416,0.0021721,0.0021511,0.0026947,0.0043893,0.0067456,0.0084712,0.0087729,0.0076138,0.0053556,0.0039035,0.0029809
0.0022435,0.0017298,0.0017375,0.0024103,0.0041287,0.0065154,0.0084921,0.0085398,0.0069297,0.0051749,0.0037724,0.0026775
0.0021047,0.0019605,0.0019747,0.0030059,0.0048017,0.0069684,0.0086256,0.0085872,0.007483,0.0056342,0.0042242,0.0029972
0.0025749,0.0020292,0.0017996,0.0025646,0.0043852,0.0067566,0.0087005,0.0086092,0.0073397,0.0054409,0.0038583,0.0029099
0.0023716,0.0022785,0.0021139,0.0027834,0.0044376,0.0072558,0.0087015,0.0089323,0.0078341,0.0055292,0.0042447,0.0034013
0.0024319,0.0019497,0.0017666,0.0030279,0.0043726,0.0065623,0.0086886,0.0087447,0.0076545,0.0054115,0.0038685,0.0032423
0.0026362,0.0016934,0.0017667,0.0029408,0.0044984,0.0065414,0.0083186,0.008697,0.0074724,0.0052107,0.0040349,0.0029254
0.0022551,0.0023931,0.0023378,0.0026973,0.004784,0.0068447,0.0085125,0.0090227,0.0075033,0.0054971,0.0039616,0.003103
0.0025953,0.002,0.0021295,0.0026102,0.0040922,0.0070135,0.0084509,0.0087878,0.0072527,0.0053834,0.0039173,0.0031879
0.0025213,0.0019135,0.0018916,0.0028701,0.0042349,0.0068035,0.0085039,0.0087645,0.0074794,0.0056079,0.0045075,0.0033002
0.0025397,0.0023445,0.0024345,0.0028907,0.0048474,0.0071928,0.0089148,0.0090722,0.0080414,0.0058895,0.0042603,0.0033648
0.0028782,0.002393,0.0023539,0.0031166,0.004859,0.0074744,0.0091752,0.0093276,0.0079693,0.005715,0.0043965,0.003342
0.0033925,0.0024919,0.0023679,0.0029988,0.0049162,0.0075543,0.0091892,0.0094495,0.0079406,0.0060571,0.0043263,0.0034115
0.0027576,0.0023233,0.0019588,0.0026953,0.004833,0.0069118,0.0086949,0.0091871,0.0079764,0.0061793,0.0043814,0.0039109
0.0030274,0.0024698,0.002366,0.0032149,0.0049997,0.007374,0.0092671,0.0093385,0.0080127,0.0057124,0.0041835,0.0032665
0.0029133,0.0027122,0.0023355,0.0031713,0.0047995,0.0073992,0.0093603,0.0096391,0.0079088,0.0061203,0.0045395,0.0033733
0.0029218,0.0023813,0.0021466,0.0027247,0.004711,0.0068751,0.0089366,0.0088675,0.0076273,0.0054853,0.0039055,0.0030781
0.0024451,0.0022112,0.0021105,0.0027672,0.0046635,0.0071529,0.0088814,0.0092615,0.007845,0.0057055,0.0040327,0.0034592
0.0028561,0.002579,0.0024855,0.0030049,0.0047588,0.0073208,0.0089221,0.0090059,0.0077427,0.0058193,0.0043969,0.0033981
0.002642,0.0022046,0.0018357,0.0028187,0.0043968,0.0068154,0.0088271,0.0088945,0.0076267,0.0056632,0.0041582,0.0033101
0.0026039,0.0018912,0.0018529,0.002744,0.0051277,0.0072981,0.0090103,0.0092411,0.0076843,0.0057297,0.0041594,0.0030199
0.0025315,0.0021104,0.0020814,0.0029428,0.0052221,0.0074733,0.0090818,0.0095021,0.0083156,0.0060201,0.0045744,0.0034354
0.0029093,0.0026983,0.0024902,0.0030171,0.0047869,0.0074939,0.0092261,0.0092435,0.0080675,0.0057603,0.0045295,0.003402
0.002947,0.0023482,0.0026775,0.0029945,0.0041603,0.0068506,0.0089741,0.0091522,0.0078451,0.0058422,0.0040161,0.0030868
0.0027038,0.0025236,0.0027424,0.0032548,0.0048625,0.0073501,0.008852,0.0092348,0.0079137,0.0058822,0.0044165,0.0033769
0.0030742,0.0025243,0.0023839,0.0034292,0.0053622,0.0074675,0.0092281,0.0097551,0.0081963,0.0057593,0.0041937,0.0032913
0.002789,0.0025559,0.0021477,0.003005,0.0048638,0.007326,0.0091782,0.0096977,0.0077223,0.005716,0.0041679,0.0032354
0.00261,0.0021395,0.0024419,0.003029,0.004751,0.0072657,0.0090102,0.0095873,0.0080122,0.0060551,0.0044237,0.0031665
0.0027026,0.0022446,0.0021499,0.0026599,0.0049404,0.007166,0.008772,0.0090919,0.0078592,0.0060769,0.0044159,0.003204
0.0025363,0.0018784,0.0022032,0.0025743,0.0046039,0.0072097,0.0083577,0.0088287,0.0075863,0.0058439,0.0040281,0.003194
0.0025561,0.0022347,0.0019707,0.0023797,0.0043811,0.0066949,0.0085351,0.0086078,0.0073077,0.0053913,0.0037026,0.0028971
0.002269,0.0019495,0.0016766,0.0027034,0.0049052,0.0067839,0.0084689,0.0089778,0.0076093,0.005512,0.004097,0.0032846
0.0026125,0.002051,0.0022901,0.0026715,0.0048196,0.0070994,0.008881,0.009288,0.0078095,0.0057092,0.0043704,0.0032032
0.0024042,0.0021376,0.0020725,0.0027334,0.0046404,0.006941,0.0087981,0.009125,0.007599,0.005813,0.0040924,0.0031919
0.0023868,0.0021327,0.001964,0.0028386,0.0045717,0.0073259,0.0087271,0.0090608,0.0076082,0.0057499,0.0042596,0.0032789
0.0028268,0.0024775,0.0024243,0.0027176,0.0047704,0.00715,0.0087036,0.0091709,0.0081236,0.0058818,0.0043139,0.0032174
0.0027971,0.0023752,0.0022197,0.0027055,0.0044948,0.0066595,0.0085164,0.0087645,0.0074469,0.005305,0.0041387,0.003653
0.002886,0.0023826,0.0023387,0.0031798,0.0048438,0.0071144,0.0089665,0.0093202,0.0079171,0.0059935,0.0044743,0.0037505
0.0028669,0.0022024,0.0023876,0.0031426,0.0048577,0.0073273,0.0089491,0.0092715,0.0081369,0.0060394,0.0045494,0.0034277
0.0030179,0.0023516,0.0021589,0.0029655,0.0051466,0.007549,0.0094184,0.0098317,0.0079969,0.0060248,0.0044995,0.0031965
0.0028752,0.0022977,0.0020854,0.0026934,0.0046059,0.0070385,0.0089013,0.0090473,0.0077554,0.0056808,0.0043808,0.0036743
0.0031421,0.0026474,0.0025543,0.0031936,0.0045517,0.0073673,0.0093647,0.0096103,0.0082873,0.0059605,0.0042384,0.0033633
0.0028616,0.0025981,0.0026441,0.0032791,0.0052802,0.0075373,0.0096702,0.0097665,0.0080061,0.0059181,0.0044297,0.0035962
0.0031165,0.0025647,0.0027097,0.0032404,0.0051431,0.0075989,0.009924,0.0099201,0.008685,0.006508,0.0048087,0.0034039
0.0029492,0.0026043,0.0022989,0.0029853,0.0049791,0.0074543,0.0094781,0.0096849,0.0080027,0.0062849,0.0045279,0.0034921
0.0029957,0.0028196,0.002483,0.0030683,0.0045915,0.0073946,0.0092597,0.0094836,0.0080423,0.0059039,0.004233,0.0032343
0.0028111,0.0025965,0.0024701,0.0031695,0.0054339,0.0074984,0.0094043,0.0097718,0.0084381,0.0059442,0.004171,0.0032292
0.0030343,0.0025502,0.0025841,0.0032564,0.0048189,0.0073974,0.0093948,0.0095414,0.0083977,0.0061439,0.0047323,0.0034923
0.0029781,0.0025241,0.0020712,0.0026844,0.0046394,0.0074578,0.0091904,0.0090935,0.0079544,0.0058261,0.0043192,0.0033776
0.002755,0.0023697,0.002435,0.002711,0.004969,0.0075464,0.0092409,0.0096278,0.0081288,0.0059607,0.0047677,0.0033736
0.0027748,0.0023585,0.0023303,0.0031947,0.00521,0.0074465,0.0093497,0.0097715,0.0083202,0.0060302,0.0045471,0.0033989
0.0028531,0.0024742,0.0025986,0.0028601,0.004621,0.0072785,0.0089425,0.0095325,0.0082635,0.0058285,0.0041963,0.0032117
0.002614,0.0025922,0.0021256,0.002901,0.0048022,0.0074162,0.0091637,0.00941,0.0079228,0.00616,0.0043729,0.0031671
0.0027391,0.0022592,0.0024643,0.0035016,0.004863,0.0075372,0.0091783,0.0095328,0.0081557,0.0059154,0.0045348,0.0034153
0.0026263,0.0027445,0.0023246,0.0028807,0.0042801,0.0071525,0.0089835,0.0092481,0.0079947,0.0056825,0.0045708,0.0032712
0.0029027,0.002594,0.0026929,0.0028133,0.0047255,0.0070083,0.0089623,0.0094798,0.0082865,0.0063871,0.0043256,0.003527
0.0031399,0.0029935,0.0028116,0.0032466,0.0051818,0.0075968,0.0094535,0.0098057,0.0085268,0.0063327,0.0047998,0.0036931
0.0031386,0.0026561,0.0024807,0.0032293,0.0050221,0.0075476,0.009684,0.010266,0.0088517,0.0064163,0.0049656,0.0036859
0.0032666,0.0027028,0.0023831,0.0035365,0.0051763,0.0071497,0.0093598,0.010013,0.0089742,0.0060348,0.0046126,0.0033612
0.0028804,0.0024902,0.0025978,0.0032326,0.005302,0.0076193,0.009564,0.0099156,0.0088504,0.0066893,0.0050713,0.0034737
0.0029863,0.0025166,0.0022387,0.0032903,0.004717,0.0073619,0.0090962,0.0098789,0.0083671,0.0063876,0.0046221,0.0036198
0.0031389,0.0027461,0.0024932,0.0031391,0.0051276,0.0079155,0.0095182,0.0097459,0.0084849,0.0061477,0.00486,0.0036963
0.0031839,0.0025235,0.0022156,0.0031317,0.0050561,0.007522,0.0095881,0.0096299,0.0083566,0.0062818,0.0047241,0.0035271
0.0031563,0.002535,0.0026051,0.003049,0.005092,0.0075343,0.0092703,0.009606,0.0082281,0.0062316,0.0046878,0.0037608
0.0032568,0.0029385,0.0027055,0.0034079,0.0050393,0.0075292,0.0095479,0.0097932,0.0084001,0.0062263,0.0047487,0.003605
0.0029998,0.0026234,0.0027176,0.0034485,0.0048522,0.0072312,0.0091351,0.0095641,0.0082126,0.0057401,0.004125,0.0033306
0.0028666,0.0025816,0.0025014,0.0032805,0.0048869,0.0072333,0.009132,0.0094231,0.0082255,0.0059902,0.0048844,0.003805
0.0030715,0.0027029,0.0024428,0.0032341,0.005545,0.008026,0.0098724,0.010137,0.0087849,0.0064789,0.0048455,0.0039257
0.0033475,0.0026341,0.0030943,0.0037651,0.0052844,0.0075256,0.0097171,0.010216,0.009001,0.0063214,0.0044668,0.0036507
0.0031037,0.0028938,0.0028138,0.0033329,0.0050347,0.0072241,0.0094605,0.0099679,0.0083219,0.0060737,0.0045709,0.0033567
0.0028803,0.0023184,0.0022688,0.0031172,0.0051192,0.0073953,0.0098757,0.010333,0.0085681,0.0064421,0.004825,0.0037482
0.0028987,0.0031854,0.0026122,0.0032821,0.0053773,0.0073955,0.0096468,0.009936,0.0086653,0.0066583,0.0046815,0.0035961
0.0029414,0.0027242,0.0023912,0.0033801,0.0052505,0.0077851,0.0095731,0.0099409,0.008562,0.0066905,0.0047268,0.0036314
0.0031076,0.0027156,0.0025819,0.0031101,0.0049465,0.0070697,0.0094537,0.0096993,0.0081738,0.0061156,0.0048404,0.0036058
0.0028991,0.0021912,0.0022866,0.0030236,0.0050361,0.0074847,0.0094744,0.0098902,0.0084538,0.0060088,0.0045399,0.0034797
0.0027928,0.0026852,0.002094,0.0029724,0.0048372,0.0071593,0.0093743,0.0097411,0.008434,0.0059748,0.0041375,0.0033809
0.0029914,0.0023139,0.0023883,0.0030526,0.0042711,0.0072332,0.0091796,0.0097289,0.008095,0.0057219,0.0040453,0.0031192
0.0024237,0.0021291,0.0020553,0.0027503,0.0047037,0.0070366,0.0088842,0.0090306,0.0076227,0.0057776,0.0043051,0.0033495
0.0026877,0.002434,0.0022911,0.0027805,0.0047285,0.0070039,0.0089956,0.0093647,0.0080111,0.0056782,0.0041059,0.0032353
0.0026173,0.0021484,0.0021884,0.0029049,0.0046734,0.0070675,0.0087021,0.0091001,0.0079892,0.0062172,0.0044976,0.003403
