0.9183,0.85,0.85078,0.85788,0.74372,0.57927,0.56653,0.61833,0.73757,0.82744,0.85924,0.92033
0.92844,0.89354,0.89948,0.85779,0.71242,0.58143,0.55319,0.60608,0.72799,0.86007,0.88204,0.92393
0.9199,0.91473,0.90969,0.87272,0.76014,0.5994,0.55802,0.59244,0.70977,0.77363,0.81918,0.89267
0.89557,0.88937,0.89387,0.86546,0.7509,0.59537,0.56954,0.56542,0.73261,0.86875,0.80387,0.87638
0.89884,0.91446,0.84222,0.85843,0.76566,0.5503,0.59403,0.59893,0.65983,0.81075,0.88639,0.90354
0.9085,0.88747,0.83226,0.82607,0.74858,0.56328,0.5465,0.63273,0.73069,0.79468,0.8682,0.90312
0.92429,0.89577,0.86613,0.83971,0.79486,0.57531,0.55227,0.58987,0.69856,0.82403,0.9288,0.91116
0.91612,0.93222,0.89601,0.84374,0.73344,0.57016,0.52162,0.58824,0.64952,0.81397,0.82621,0.90396
0.93721,0.87954,0.8865,0.85919,0.76237,0.59654,0.52341,0.57919,0.62889,0.7941,0.8269,0.90221
0.87934,0.94876,0.881,0.84956,0.74198,0.56316,0.45972,0.57464,0.67023,0.78337,0.87988,0.88994
0.92117,0.91362,0.88789,0.84507,0.75737,0.63019,0.55033,0.58407,0.71825,0.84506,0.89346,0.88877
0.90738,0.88483,0.85063,0.8562,0.77038,0.55126,0.56203,0.59855,0.64334,0.88357,0.88658,0.89982
0.89666,0.86623,0.89427,0.88639,0.76728,0.56295,0.47844,0.55703,0.65994,0.81279,0.87113,0.88405
0.92704,0.89227,0.87149,0.88413,0.73191,0.52113,0.54408,0.51767,0.64177,0.75886,0.86987,0.91497
0.92794,0.91722,0.86613,0.8448,0.75055,0.56773,0.56282,0.56188,0.66464,0.80095,0.86885,0.89268
0.91293,0.92836,0.8835,0.85716,0.75005,0.5483,0.51731,0.5721,0.65888,0.8183,0.87066,0.89009
0.89922,0.90756,0.89863,0.86921,0.73316,0.52434,0.47555,0.51715,0.61046,0.75088,0.87139,0.8923
0.91102,0.91232,0.89439,0.8406,0.73564,0.52149,0.54095,0.55299,0.61582,0.8544,0.88104,0.89577
0.88528,0.87163,0.86114,0.82899,0.77405,0.55365,0.5164,0.56477,0.68719,0.86572,0.90397,0.88445
0.92317,0.89868,0.877,0.86336,0.74914,0.55685,0.51782,0.55057,0.68834,0.83399,0.85321,0.86814
0.90222,0.89527,0.8636,0.86059,0.72604,0.51931,0.51244,0.5476,0.65952,0.8204,0.88915,0.91233
0.90394,0.89578,0.83382,0.85238,0.77737,0.58435,0.55501,0.5682,0.66731,0.85032,0.87413,0.88359
0.93095,0.8731,0.84355,0.78238,0.71021,0.5436,0.50186,0.58701,0.65635,0.84877,0.87154,0.90252
0.91909,0.86779,0.86163,0.8286,0.76628,0.55694,0.58338,0.59132,0.68845,0.83773,0.86153,0.91076
0.93652,0.90312,0.85756,0.8265,0.68147,0.49968,0.5419,0.57645,0.6787,0.86116,0.83143,0.9056
0.90177,0.89686,0.88129,0.8472,0.71231,0.51054,0.5138,0.50064,0.66179,0.79116,0.86304,0.81033
0.89722,0.91437,0.89614,0.83008,0.72244,0.53507,0.521,0.59888,0.64626,0.78387,0.86468,0.88327
0.89639,0.91964,0.90041,0.84693,0.77056,0.61116,0.52196,0.55671,0.64742,0.82333,0.86281,0.87606
0.92976,0.90719,0.86878,0.82375,0.78628,0.56173,0.51386,0.50323,0.63852,0.74066,0.88868,0.90226
0.90615,0.90399,0.87602,0.85534,0.78649,0.5135,0.52775,0.55392,0.62524,0.78106,0.88006,0.84579
0.90999,0.90173,0.83608,0.82415,0.77027,0.56348,0.56152,0.565,0.67092,0.8571,0.85707,0.86796
0.91985,0.90567,0.8827,0.82459,0.72673,0.54563,0.54706,0.52648,0.68417,0.83678,0.85606,0.868
0.90049,0.89896,0.88483,0.82561,0.73365,0.54673,0.48988,0.57181,0.64684,0.75264,0.89619,0.88832
0.91028,0.91345,0.86569,0.837,0.67812,0.5356,0.52087,0.56091,0.66013,0.76949,0.88115,0.84381
0.93277,0.91027,0.87166,0.80351,0.71028,0.54685,0.50629,0.59484,0.64726,0.84365,0.8241,0.88535
0.9362,0.92336,0.89452,0.80703,0.7553,0.5568,0.52964,0.57783,0.6277,0.79085,0.91011,0.87345
0.90243,0.91767,0.88275,0.85886,0.74213,0.5378,0.51976,0.55552,0.61892,0.85029,0.89228,0.87767
0.92313,0.91295,0.87859,0.82376,0.73824,0.53812,0.48041,0.5119,0.70033,0.78076,0.85843,0.91204
0.88413,0.91652,0.89255,0.82204,0.71224,0.55639,0.50789,0.51628,0.60488,0.83333,0.86089,0.87991
0.92467,0.91727,0.89747,0.84298,0.71341,0.54833,0.50758,0.52449,0.66079,0.81528,0.85986,0.89013
0.89734,0.89925,0.87745,0.8758,0.74164,0.47982,0.52655,0.53923,0.61308,0.79104,0.79962,0.90814
0.92808,0.92937,0.86072,0.89231,0.72972,0.51178,0.48645,0.45386,0.61721,0.79766,0.82529,0.87729
0.91704,0.8813,0.88078,0.84254,0.68384,0.52951,0.49483,0.50798,0.64774,0.76839,0.8967,0.8829
0.90114,0.9112,0.85446,0.86815,0.73015,0.51389,0.4994,0.51285,0.62808,0.82712,0.827,0.85107
0.85535,0.90485,0.89,0.84716,0.76562,0.54036,0.50284,0.47517,0.65849,0.78137,0.79574,0.84358
0.90868,0.93333,0.92015,0.87615,0.71328,0.46333,0.46351,0.44051,0.58881,0.80409,0.82095,0.8732
0.89258,0.8915,0.88571,0.86103,0.73566,0.46406,0.46632,0.50082,0.63127,0.76335,0.82492,0.85845
0.91452,0.91254,0.86575,0.859,0.6863,0.5383,0.48177,0.46949,0.64171,0.83833,0.875,0.88165
0.86961,0.91607,0.90903,0.80022,0.66503,0.49167,0.46769,0.46572,0.65768,0.83867,0.81985,0.84837
0.87318,0.89766,0.88972,0.86682,0.7455,0.54283,0.51095,0.54934,0.67383,0.8353,0.82323,0.90026
0.91186,0.90912,0.90852,0.88781,0.68119,0.48724,0.50749,0.53507,0.63535,0.81866,0.85522,0.84376
0.91516,0.90147,0.84333,0.83917,0.70613,0.50578,0.50051,0.52723,0.6941,0.84518,0.89402,0.81293
0.91596,0.89777,0.89571,0.82281,0.74414,0.50084,0.47506,0.51548,0.68617,0.7996,0.89781,0.84946
0.87759,0.90335,0.89415,0.86743,0.74453,0.51681,0.48392,0.55263,0.64728,0.84238,0.84922,0.86365
0.85217,0.92191,0.88068,0.8329,0.75032,0.51026,0.51108,0.51339,0.6521,0.85507,0.84733,0.86531
0.90728,0.91231,0.89067,0.79503,0.68978,0.4989,0.45347,0.51846,0.64873,0.75525,0.8656,0.85518
0.85254,0.92981,0.91244,0.85238,0.67645,0.50875,0.45891,0.52809,0.63215,0.75221,0.91403,0.87189
0.86601,0.90309,0.88297,0.8294,0.73705,0.56181,0.50847,0.54811,0.63304,0.85751,0.89678,0.87257
0.85711,0.91235,0.87536,0.83625,0.73954,0.49694,0.53639,0.50493,0.66647,0.78242,0.85334,0.89968
0.86652,0.90894,0.88796,0.85151,0.70267,0.48881,0.47786,0.5365,0.66426,0.79667,0.84623,0.89022
0.88217,0.9086,0.87138,0.89099,0.70031,0.45786,0.47556,0.49494,0.6994,0.75305,0.81627,0.8361
0.82156,0.92584,0.87462,0.86004,0.73152,0.51081,0.47482,0.51263,0.61806,0.7976,0.79713,0.85876
0.89404,0.87142,0.88514,0.83778,0.70349,0.50361,0.42653,0.47467,0.62258,0.78556,0.82314,0.82422
0.87841,0.91658,0.90491,0.81996,0.61929,0.48764,0.41552,0.40877,0.56915,0.74243,0.83286,0.84105
0.85916,0.91433,0.90086,0.83187,0.6783,0.46233,0.43601,0.50132,0.57545,0.80212,0.84299,0.85399
0.88368,0.92288,0.91344,0.86217,0.63533,0.46901,0.43307,0.47075,0.60789,0.81041,0.80963,0.83624
0.86233,0.92016,0.91334,0.82697,0.68463,0.43094,0.41436,0.41925,0.55801,0.78188,0.84585,0.84105
0.83275,0.865,0.88986,0.8297,0.67845,0.51596,0.38541,0.42107,0.56087,0.84613,0.8465,0.89521
0.90151,0.81349,0.80771,0.83703,0.63622,0.23922,0.23326,0.21242,0.51524,0.75472,0.7861,0.85102
0.7867,0.79471,0.81471,0.7625,0.58121,0.28238,0.15546,0.19115,0.37643,0.68343,0.7657,0.80269
0.7323,0.78817,0.80953,0.72068,0.66637,0.3815,0.26118,0.26874,0.52793,0.6863,0.7618,0.755
0.78488,0.89519,0.84823,0.78647,0.65589,0.42122,0.36242,0.32778,0.57631,0.73186,0.80247,0.83282
0.82096,0.85149,0.82447,0.79581,0.69724,0.36728,0.38002,0.32641,0.49783,0.69221,0.85883,0.86177
0.80498,0.87481,0.85523,0.79028,0.65136,0.39523,0.44029,0.43335,0.51646,0.85062,0.81228,0.79534
0.84872,0.81006,0.84691,0.80034,0.66607,0.48247,0.40768,0.46924,0.56263,0.80055,0.87919,0.80748
0.85701,0.90438,0.85261,0.81828,0.66292,0.4685,0.45497,0.41731,0.59338,0.76409,0.86047,0.78321
0.82981,0.88646,0.86062,0.80616,0.65116,0.44202,0.4206,0.44124,0.61175,0.806,0.74653,0.82331
0.82397,0.88341,0.88754,0.80856,0.68893,0.52689,0.4464,0.46882,0.56526,0.8101,0.85878,0.82157
0.80792,0.92903,0.92443,0.79371,0.64172,0.45512,0.45928,0.46055,0.58087,0.75152,0.87003,0.92717
0.87894,0.87396,0.8542,0.76483,0.69001,0.47324,0.39682,0.43575,0.58286,0.79348,0.79608,0.81932
0.89361,0.87076,0.86862,0.82144,0.66188,0.48935,0.46153,0.47457,0.56808,0.78637,0.83535,0.87309
0.87111,0.87457,0.93089,0.82423,0.61953,0.40168,0.35726,0.31564,0.58539,0.74595,0.87655,0.86444
0.80142,0.8447,0.82423,0.81771,0.50676,0.26637,0.20242,0.19927,0.42879,0.69056,0.79494,0.84559
0.8377,0.78706,0.81759,0.83654,0.61667,0.30886,0.18217,0.24155,0.43481,0.77833,0.709,0.76404
0.83856,0.86396,0.75989,0.79256,0.5779,0.3428,0.25405,0.32413,0.48474,0.68539,0.82628,0.82512
0.76895,0.87123,0.81756,0.7439,0.62347,0.26996,0.21792,0.22693,0.47469,0.68959,0.75056,0.81618
0.84942,0.7889,0.75478,0.77357,0.54063,0.29755,0.33408,0.24193,0.52344,0.75534,0.77515,0.78295
0.76582,0.83074,0.78046,0.82968,0.69608,0.4173,0.25406,0.26488,0.51307,0.75725,0.80278,0.80115
0.78176,0.87043,0.86632,0.74748,0.63579,0.40804,0.31886,0.30578,0.49105,0.67976,0.88348,0.79088
0.80019,0.85756,0.81689,0.71184,0.61686,0.40405,0.21336,0.24467,0.5255,0.66024,0.82229,0.82851
0.77821,0.88356,0.81031,0.69156,0.60243,0.39612,0.34113,0.25236,0.56524,0.78654,0.80789,0.78909
0.84327,0.84304,0.80264,0.76676,0.62603,0.28903,0.20001,0.22154,0.51052,0.74328,0.78904,0.79747
0.81746,0.76644,0.87758,0.73447,0.5815,0.36143,0.26176,0.25772,0.52618,0.67384,0.81175,0.79007
0.76434,0.87566,0.7777,0.7335,0.57022,0.32596,0.16255,0.26494,0.483,0.74166,0.78067,0.78919
0.81359,0.78793,0.736,0.70234,0.54227,0.2559,0.20918,0.23396,0.51081,0.71003,0.79716,0.74857
0.82005,0.80323,0.75884,0.7703,0.60575,0.42585,0.22931,0.26665,0.47497,0.72111,0.79413,0.82403
0.79406,0.79256,0.81444,0.77502,0.57221,0.29621,0.27384,0.28505,0.52835,0.714,0.76451,0.82182
0.79428,0.79166,0.78788,0.754,0.62511,0.31153,0.21382,0.26228,0.51332,0.73071,0.75905,0.77004
0.81223,0.88432,0.78585,0.73737,0.5137,0.32565,0.204,0.25264,0.49365,0.75753,0.78084,0.78427
0.78431,0.84535,0.83307,0.77943,0.59222,0.29155,0.16895,0.2415,0.46741,0.65078,0.80102,0.74456
