1.098e+07,1.2925e+07,1.3782e+07,1.4443e+07,1.4188e+07,1.3278e+07,1.0278e+07,5.0406e+06,1.9137e+06,1.0116e+06,3.3165e+06,8.1619e+06
1.0641e+07,1.2135e+07,1.3435e+07,1.4139e+07,1.3783e+07,1.2373e+07,9.8869e+06,4.61e+06,1.2771e+06,1.2204e+06,2.7899e+06,5.7443e+06
1.0149e+07,1.1788e+07,1.2539e+07,1.3335e+07,1.3185e+07,1.208e+07,7.4953e+06,1.5079e+06,3.2823e+05,3.2823e+05,1.2559e+06,4.0241e+06
9.5004e+06,1.2131e+07,1.3185e+07,1.3986e+07,1.3632e+07,1.2626e+07,8.7127e+06,2.631e+06,6.9873e+05,4.6987e+05,1.0437e+06,3.237e+06
9.7057e+06,1.2232e+07,1.323e+07,1.3833e+07,1.3782e+07,1.2372e+07,8.6503e+06,3.0293e+06,4.2142e+05,2.3619e+05,1.6751e+06,4.0593e+06
9.6027e+06,1.188e+07,1.333e+07,1.3732e+07,1.363e+07,1.2422e+07,9.0932e+06,4.1951e+06,8.1181e+05,2.791e+05,2.5695e+06,6.7854e+06
1.0283e+07,1.1879e+07,1.258e+07,1.3381e+07,1.3129e+07,1.2324e+07,8.9041e+06,2.6645e+06,6.0791e+05,2.356e+05,1.4418e+06,2.0002e+06
6.3297e+06,1.0198e+07,1.1596e+07,1.2239e+07,1.2186e+07,1.1186e+07,7.3711e+06,1.8671e+06,2.3471e+05,1.8857e+05,1.2525e+06,4.8133e+06
7.813e+06,1.1087e+07,1.2384e+07,1.3431e+07,1.3333e+07,1.1578e+07,6.9619e+06,2.2496e+06,0,0,1.1392e+06,5.0122e+06
1.0083e+07,1.1633e+07,1.2483e+07,1.3381e+07,1.3178e+07,1.1574e+07,7.7249e+06,3.0719e+06,0,0,1.9947e+06,4.6676e+06
9.0549e+06,1.1385e+07,1.283e+07,1.3479e+07,1.3277e+07,1.2373e+07,9.1432e+06,4.5915e+06,7.1285e+05,3.3005e+05,1.4354e+06,5.1294e+06
9.8423e+06,1.183e+07,1.308e+07,1.3683e+07,1.3479e+07,1.217e+07,9.0917e+06,3.9757e+06,8.4766e+05,6.0381e+05,1.088e+06,3.7148e+06
9.8488e+06,1.1538e+07,1.2982e+07,1.3533e+07,1.3531e+07,1.2173e+07,7.8624e+06,1.9845e+06,1.8857e+05,0,1.056e+06,3.0871e+06
8.6156e+06,1.0889e+07,1.2333e+07,1.3631e+07,1.3177e+07,1.1225e+07,7.8641e+06,5.1935e+05,0,0,1.0207e+06,3.2565e+06
7.5261e+06,1.0043e+07,1.2277e+07,1.3379e+07,1.3126e+07,1.1819e+07,8.5475e+06,2.5121e+06,1.8857e+05,95411,1.1617e+06,3.7737e+06
8.1111e+06,1.0993e+07,1.1986e+07,1.2581e+07,1.2425e+07,1.1373e+07,7.3775e+06,1.1903e+06,1.8857e+05,1.8857e+05,5.1261e+05,1.6665e+06
6.6452e+06,1.0838e+07,1.1885e+07,1.238e+07,1.2232e+07,1.049e+07,6.1984e+06,1.5529e+06,0,0,4.0749e+05,2.5573e+06
6.2774e+06,9.8019e+06,1.1637e+07,1.2429e+07,1.2276e+07,1.0927e+07,7.9501e+06,4.6486e+06,1.5816e+06,6.5072e+05,3.1047e+06,4.7674e+06
8.1596e+06,1.1379e+07,1.2428e+07,1.2978e+07,1.2928e+07,1.177e+07,8.8921e+06,3.3874e+06,8.3619e+05,0,0,1.4981e+06
6.4101e+06,1.0543e+07,1.1788e+07,1.278e+07,1.2481e+07,1.1292e+07,5.8044e+06,7.8048e+05,0,0,1.3642e+05,1.2439e+06
4.4795e+06,1.0361e+07,1.1743e+07,1.2731e+07,1.2678e+07,1.0978e+07,7.6107e+06,2.9366e+06,1.8857e+05,1.8857e+05,2.0921e+06,3.8764e+06
8.661e+06,1.1134e+07,1.2329e+07,1.303e+07,1.2777e+07,1.1573e+07,8.5514e+06,2.6262e+06,1.8857e+05,0,0,1.5079e+06
4.7465e+06,9.8003e+06,1.1585e+07,1.2479e+07,1.2477e+07,1.1377e+07,8.7959e+06,5.2473e+06,7.6013e+05,1.4241e+05,1.8671e+06,5.3217e+06
7.9558e+06,1.1036e+07,1.2232e+07,1.308e+07,1.3128e+07,1.182e+07,8.6971e+06,3.1097e+06,2.3795e+05,0,3.6962e+05,3.1985e+06
7.2252e+06,9.6475e+06,1.1628e+07,1.2574e+07,1.2273e+07,1.0132e+07,8.5006e+06,5.3997e+06,1.5986e+06,2.8386e+05,1.5722e+06,4.9069e+06
9.0459e+06,1.1282e+07,1.2177e+07,1.2529e+07,1.258e+07,1.0928e+07,4.6346e+06,4.6967e+05,0,0,0,5.9378e+05
4.4397e+06,9.1531e+06,1.1187e+07,1.2028e+07,1.1923e+07,1.0534e+07,7.8116e+06,4.1901e+06,8.0466e+05,3.3001e+05,1.66e+06,5.0098e+06
8.6474e+06,1.1481e+07,1.238e+07,1.298e+07,1.2926e+07,1.1271e+07,7.9535e+06,2.6022e+06,1.9071e+05,0,3.7243e+05,1.4108e+06
5.3371e+06,9.5565e+06,1.1887e+07,1.243e+07,1.2083e+07,1.0734e+07,5.598e+06,2.3557e+05,0,0,0,6.8763e+05
4.0362e+06,8.9811e+06,1.119e+07,1.2035e+07,1.1783e+07,9.9881e+06,6.0437e+06,1.0671e+06,0,0,95411,1.6674e+06
5.9092e+06,9.3478e+06,1.1584e+07,1.228e+07,1.2325e+07,1.1127e+07,8.2485e+06,3.3158e+06,2.3841e+05,0,2.7799e+05,2.1536e+06
5.2049e+06,1.0542e+07,1.1682e+07,1.2078e+07,1.1976e+07,1.1028e+07,8.0064e+06,3.0334e+06,0,0,0,1.0132e+06
2.8604e+06,1.0398e+07,1.1191e+07,1.1884e+07,1.1729e+07,1.0537e+07,6.0416e+06,2.3211e+06,1.4241e+05,0,7.5274e+05,2.3078e+06
5.5176e+06,1.035e+07,1.1639e+07,1.2186e+07,1.1682e+07,1.0635e+07,7.6699e+06,2.8941e+06,1.4241e+05,0,1.0728e+06,2.1808e+06
6.3605e+06,1.03e+07,1.1936e+07,1.2732e+07,1.2424e+07,1.1028e+07,8.1593e+06,3.1214e+06,94709,0,5.0805e+05,3.6845e+06
8.5068e+06,1.0889e+07,1.193e+07,1.2676e+07,1.2723e+07,1.1821e+07,8.4962e+06,3.2217e+06,1.8857e+05,0,1.084e+06,3.0784e+06
6.5589e+06,1.0935e+07,1.1835e+07,1.2283e+07,1.203e+07,1.063e+07,7.5606e+06,4.1469e+06,8.6007e+05,0,1.7587e+06,2.7421e+06
7.1217e+06,1.0636e+07,1.1484e+07,1.2478e+07,1.2375e+07,1.0931e+07,6.585e+06,1.0884e+06,94709,0,4.1728e+05,1.4484e+06
2.6204e+06,9.858e+06,1.1439e+07,1.2429e+07,1.2328e+07,1.0879e+07,7.4692e+06,1.8941e+06,0,0,4.5833e+05,1.8932e+06
5.8972e+06,9.4999e+06,1.1637e+07,1.223e+07,1.1829e+07,1.0437e+07,6.0403e+06,1.2141e+06,1.8857e+05,0,93861,1.4869e+06
3.8644e+06,9.8949e+06,1.1685e+07,1.2278e+07,1.1928e+07,1.0234e+07,6.1443e+06,6.0888e+05,0,0,45051,1.8055e+06
5.8543e+06,9.2199e+06,1.1183e+07,1.183e+07,1.1584e+07,9.6898e+06,3.8097e+06,47003,0,0,0,7.3262e+05
3.2928e+06,8.3007e+06,1.0788e+07,1.1629e+07,1.1625e+07,1.0582e+07,6.4322e+06,1.5363e+06,1.4086e+05,0,5.3325e+05,2.0357e+06
4.7986e+06,9.4993e+06,1.1289e+07,1.2327e+07,1.2123e+07,9.8379e+06,4.7776e+06,0,0,0,0,2.7391e+05
1.5397e+06,8.0621e+06,1.0387e+07,1.1874e+07,1.1428e+07,9.3446e+06,5.9503e+06,1.8942e+05,0,0,0,1.2935e+06
5.5574e+06,8.896e+06,1.1189e+07,1.1631e+07,1.1179e+07,8.4007e+06,3.7515e+06,0,0,0,0,91371
9.9077e+05,5.3559e+06,9.1539e+06,1.1234e+07,1.0438e+07,8.3543e+06,4.3542e+06,2.3556e+05,0,0,0,8.9983e+05
3.6397e+06,7.0791e+06,1.0144e+07,1.1828e+07,1.1527e+07,1.0085e+07,7.1251e+06,6.9527e+05,94709,0,1.8413e+05,1.2301e+06
2.5739e+06,7.8618e+06,1.0795e+07,1.0838e+07,1.0491e+07,9.5511e+06,4.1777e+06,2.8087e+05,0,0,91371,7.9244e+05
3.5937e+06,8.3681e+06,1.1134e+07,1.163e+07,1.1529e+07,1.053e+07,7.3577e+06,2.1844e+06,94709,0,3.7114e+05,4.1923e+06
6.1874e+06,9.9477e+06,1.0988e+07,1.1884e+07,1.1327e+07,8.9455e+06,6.6272e+06,6.6412e+05,0,0,6.298e+05,1.9378e+06
5.8138e+06,1.029e+07,1.1484e+07,1.2529e+07,1.178e+07,1.0682e+07,7.8577e+06,1.7179e+06,1.8857e+05,47706,6.4612e+05,1.5834e+06
5.3046e+06,9.2655e+06,1.0897e+07,1.1436e+07,1.1333e+07,9.8903e+06,5.6509e+06,1.042e+06,1.8857e+05,0,2.3294e+05,1.185e+06
3.8972e+06,8.7317e+06,1.1143e+07,1.1884e+07,1.1088e+07,9.2034e+06,6.1431e+06,4.5788e+05,0,0,0,6.8515e+05
2.1794e+06,8.1823e+06,1.0441e+07,1.1483e+07,1.1579e+07,1.0188e+07,6.5368e+06,1.1806e+06,0,0,0,5.5016e+05
2.301e+06,7.2988e+06,8.7751e+06,1.0004e+07,9.6098e+06,7.9691e+06,4.4467e+06,2.8172e+05,0,0,0,5.092e+05
1.7465e+06,7.6318e+06,9.9499e+06,1.1337e+07,1.1233e+07,9.6433e+06,6.2421e+06,7.0556e+05,0,0,95411,5.2897e+05
2.9614e+06,7.4184e+06,1.0383e+07,1.1229e+07,1.1375e+07,1.0039e+07,7.1706e+06,3.0178e+06,94709,0,0,91371
1.5891e+06,6.4042e+06,1.0143e+07,1.1336e+07,1.1084e+07,9.4408e+06,5.3032e+06,1.6448e+06,0,0,0,5.9436e+05
1.6733e+06,7.4784e+06,1.0189e+07,1.1183e+07,1.0585e+07,8.6472e+06,6.0904e+06,7.0124e+05,0,0,0,5.0805e+05
1.8284e+06,5.8332e+06,9.3513e+06,1.1081e+07,1.0487e+07,8.8457e+06,5.0159e+06,7.5613e+05,0,0,0,91206
2.4213e+06,7.3733e+06,1.0143e+07,1.1331e+07,1.0982e+07,8.9534e+06,3.495e+06,0,0,0,0,5.9061e+05
2.48e+06,5.2014e+06,8.5673e+06,1.0537e+07,1.014e+07,7.8565e+06,5.2599e+06,1.4086e+05,0,0,0,1.3753e+05
2.6157e+06,6.6425e+06,8.1162e+06,9.0027e+06,8.8496e+06,6.548e+06,7.9283e+05,0,0,0,0,4.139e+05
1.8655e+06,6.5887e+06,8.7612e+06,1.0139e+07,9.243e+06,8.4015e+06,5.3731e+06,1.8604e+05,0,0,0,1.6115e+06
3.6399e+06,8.0894e+06,8.9169e+06,9.7464e+06,9.4443e+06,7.7658e+06,3.5271e+06,0,0,0,0,91371
1.6727e+06,6.0835e+06,8.4945e+06,9.3731e+06,8.8664e+06,6.8323e+06,4.5117e+05,0,0,0,0,0
5.6145e+05,3.3931e+06,7.4157e+06,9.2642e+06,9.1676e+06,6.063e+06,2.3471e+05,0,0,0,0,0
0,99497,6.0967e+05,4.36e+06,3.0994e+06,3.9806e+05,0,0,0,0,0,0
0,49906,2.8662e+05,1.1042e+06,8.7126e+05,49906,0,0,0,0,0,0
0,91371,1.2332e+06,2.2432e+06,2.3259e+06,9.3324e+05,0,0,0,0,0,0
1.3908e+05,7.7731e+05,2.8671e+06,6.0225e+06,6.7949e+06,4.5594e+06,47003,0,0,0,0,0
1.3642e+05,1.2458e+06,3.3776e+06,7.0026e+06,6.7908e+06,3.86e+06,0,0,0,0,0,0
1.8257e+05,1.4061e+06,3.9338e+06,7.0899e+06,6.9875e+06,5.6707e+06,1.4769e+06,0,0,0,0,0
5.1253e+05,1.2842e+06,3.5582e+06,8.4178e+06,8.6573e+06,6.9791e+06,2.9277e+06,0,0,0,0,46155
8.9799e+05,1.8574e+06,4.788e+06,7.6739e+06,7.8184e+06,6.2639e+06,1.3016e+06,0,0,0,0,0
4.622e+05,2.3505e+06,6.1136e+06,7.8105e+06,8.1045e+06,6.7357e+06,2.7047e+06,0,0,0,0,0
1.8257e+05,5.292e+06,8.6152e+06,9.9456e+06,9.5926e+06,8.3017e+06,3.9744e+06,0,0,0,0,91371
6.4663e+05,5.4887e+06,7.877e+06,9.5996e+06,9.5011e+06,7.5192e+06,3.5795e+06,1.8856e+05,0,0,0,1.8257e+05
1.3642e+05,8.8656e+05,5.1673e+06,8.2683e+06,8.7574e+06,6.8321e+06,2.5072e+06,0,0,0,0,1.3908e+05
1.6673e+06,3.5431e+06,7.338e+06,8.7989e+06,8.7478e+06,7.3188e+06,3.3323e+06,0,0,0,0,91371
4.6154e+05,1.9327e+06,5.8071e+06,7.3767e+06,6.2667e+06,3.2892e+06,4.0801e+05,0,0,0,0,0
0,2.318e+05,6.7459e+05,2.4103e+06,1.953e+06,5.0972e+05,0,0,0,0,0,0
0,91371,6.098e+05,2.0693e+06,1.5182e+06,1.8701e+05,0,0,0,0,0,0
0,99497,5.4728e+05,2.5542e+06,2.6852e+06,49906,0,0,0,0,0,0
0,48801,6.8553e+05,1.9739e+06,1.8295e+06,49906,0,0,0,0,0,0
0,0,3.6706e+05,2.6146e+06,2.4255e+06,6.7889e+05,0,0,0,0,0,0
0,46155,1.4701e+06,5.1608e+06,4.0542e+06,7.3431e+05,0,0,0,0,0,0
45216,2.8233e+05,1.0595e+06,1.9287e+06,2.0283e+06,1.196e+06,0,0,0,0,0,0
91371,4.633e+05,1.3044e+06,2.9499e+06,2.756e+06,1.2086e+06,0,0,0,0,0,0
0,4.2123e+05,1.1899e+06,1.6279e+06,1.658e+06,8.3657e+05,0,0,0,0,0,0
0,0,7.7087e+05,2.1832e+06,2.2237e+06,5.5426e+05,0,0,0,0,0,0
0,0,7.6428e+05,9.0439e+05,7.5999e+05,0,0,0,0,0,0,0
0,0,1.3753e+05,8.2949e+05,6.518e+05,0,0,0,0,0,0,0
0,0,0,4.1962e+05,4.6445e+05,0,0,0,0,0,0,0
0,0,6.0048e+05,2.3981e+06,2.2467e+06,8.5302e+05,0,0,0,0,0,0
91371,3.2899e+05,1.5103e+06,3.6464e+06,2.865e+06,8.6268e+05,0,0,0,0,0,0
0,2.3028e+05,8.4365e+05,2.6787e+06,2.815e+06,8.449e+05,0,0,0,0,0,0
0,0,2.8897e+05,8.9672e+05,1.0296e+06,1.8856e+05,0,0,0,0,0,0
0,0,2.981e+05,1.9839e+05,99497,0,0,0,0,0,0,0
