1.098e+07,1.2774e+07,1.3883e+07,1.4544e+07,1.429e+07,1.3377e+07,1.0243e+07,4.2303e+06,1.9961e+06,1.0116e+06,2.7799e+06,7.367e+06
1.1525e+07,1.3228e+07,1.4241e+07,1.5003e+07,1.4595e+07,1.2423e+07,1.0332e+07,5.0855e+06,1.4575e+06,1.3133e+06,3.1683e+06,7.6749e+06
1.0487e+07,1.2381e+07,1.3835e+07,1.424e+07,1.3833e+07,1.222e+07,9.9814e+06,5.3899e+06,1.4102e+06,1.4087e+06,2.6517e+06,4.9895e+06
1.0249e+07,1.1689e+07,1.3233e+07,1.3784e+07,1.3783e+07,1.2273e+07,8.3594e+06,3.1684e+06,5.6472e+05,5.101e+05,1.912e+06,6.2965e+06
1.074e+07,1.248e+07,1.3683e+07,1.3985e+07,1.3833e+07,1.2471e+07,8.5948e+06,4.4599e+06,9.3201e+05,9.432e+05,2.6059e+06,6.7301e+06
1.0688e+07,1.1886e+07,1.3335e+07,1.4495e+07,1.3635e+07,1.2184e+07,9.7528e+06,3.379e+06,1.6315e+06,1.4437e+06,2.7025e+06,4.6917e+06
9.8697e+06,1.1597e+07,1.2592e+07,1.4243e+07,1.3536e+07,1.2375e+07,9.9868e+06,5.3978e+06,1.5666e+06,1.3716e+06,2.7027e+06,6.2755e+06
1.025e+07,1.2035e+07,1.3537e+07,1.4291e+07,1.3935e+07,1.2424e+07,8.8946e+06,5.0997e+06,1.6297e+06,8.6671e+05,2.5556e+06,5.0698e+06
9.8943e+06,1.2627e+07,1.3884e+07,1.429e+07,1.3629e+07,1.267e+07,1.0776e+07,7.2599e+06,4.7573e+06,2.6143e+06,2.8859e+06,7.5641e+06
1.1476e+07,1.2927e+07,1.4037e+07,1.4239e+07,1.3884e+07,1.2472e+07,9.3848e+06,5.7763e+06,2.1753e+06,5.6731e+05,3.3609e+06,6.4832e+06
1.0189e+07,1.2179e+07,1.3582e+07,1.4189e+07,1.3884e+07,1.3023e+07,9.2871e+06,5.9941e+06,2.1282e+06,6.9377e+05,3.1246e+06,6.6289e+06
1.0485e+07,1.203e+07,1.3383e+07,1.3835e+07,1.3429e+07,1.2073e+07,9.043e+06,4.7815e+06,1.3498e+06,1.0693e+06,1.4854e+06,3.2348e+06
9.8992e+06,1.1786e+07,1.3283e+07,1.4036e+07,1.363e+07,1.257e+07,9.2886e+06,6.2382e+06,2.2593e+06,1.2677e+06,2.2703e+06,6.1824e+06
1.0389e+07,1.1885e+07,1.2834e+07,1.3682e+07,1.3428e+07,1.1973e+07,8.7476e+06,6.0887e+06,2.4202e+06,2.1775e+06,4.5196e+06,7.0196e+06
1.0631e+07,1.2228e+07,1.348e+07,1.3834e+07,1.3732e+07,1.2627e+07,7.3973e+06,1.7759e+06,2.8516e+05,1.4086e+05,1.5775e+06,5.0866e+06
1.0538e+07,1.2229e+07,1.3634e+07,1.4137e+07,1.3935e+07,1.2221e+07,9.287e+06,6.6822e+06,2.9364e+06,1.8803e+06,4.2062e+06,7.6136e+06
1.0389e+07,1.1828e+07,1.3486e+07,1.4901e+07,1.4196e+07,1.2577e+07,9.4879e+06,4.7164e+06,1.2836e+06,4.6955e+05,1.4564e+06,5.7753e+06
1.0189e+07,1.2277e+07,1.3384e+07,1.3936e+07,1.3682e+07,1.2072e+07,8.7935e+06,6.2837e+06,3.3955e+06,2.595e+06,4.0974e+06,7.0157e+06
1.0587e+07,1.2328e+07,1.3537e+07,1.4037e+07,1.3784e+07,1.2322e+07,1.1125e+07,7.7543e+06,5.3351e+06,4.5438e+06,5.6332e+06,8.5933e+06
1.1127e+07,1.2225e+07,1.3332e+07,1.4392e+07,1.4138e+07,1.2574e+07,1.1072e+07,7.0489e+06,3.5394e+06,1.4903e+06,3.0544e+06,7.7149e+06
1.0836e+07,1.2629e+07,1.3684e+07,1.4442e+07,1.3935e+07,1.2522e+07,1.0427e+07,6.9688e+06,3.5181e+06,3.1491e+06,5.099e+06,8.2976e+06
1.0336e+07,1.2376e+07,1.3632e+07,1.4393e+07,1.3935e+07,1.2474e+07,9.2927e+06,3.6108e+06,8.3774e+05,7.8999e+05,1.6337e+06,3.904e+06
1.0039e+07,1.1832e+07,1.2633e+07,1.3487e+07,1.2927e+07,1.1921e+07,1.0035e+07,6.8247e+06,3.9205e+06,2.9288e+06,4.6697e+06,7.8095e+06
1.0736e+07,1.1884e+07,1.3081e+07,1.3985e+07,1.3732e+07,1.2473e+07,9.7868e+06,4.7926e+06,1.4463e+06,1.0831e+06,2.3675e+06,6.3774e+06
1.0586e+07,1.2378e+07,1.3684e+07,1.4138e+07,1.3886e+07,1.2377e+07,8.213e+06,2.9873e+06,3.7309e+05,2.3557e+05,1.7064e+06,5.3953e+06
9.1476e+06,1.208e+07,1.3178e+07,1.358e+07,1.3631e+07,1.2373e+07,8.8473e+06,4.1243e+06,8.4762e+05,7.6695e+05,2.6009e+06,5.5378e+06
1.0537e+07,1.2076e+07,1.328e+07,1.3884e+07,1.363e+07,1.2469e+07,1.1269e+07,5.7775e+06,4.5168e+06,3.1387e+06,4.8072e+06,6.8191e+06
1.088e+07,1.2576e+07,1.338e+07,1.4087e+07,1.3986e+07,1.2873e+07,1.1519e+07,7.111e+06,5.2009e+06,4.1389e+06,4.8554e+06,8.6967e+06
1.1776e+07,1.2929e+07,1.3282e+07,1.3989e+07,1.3429e+07,1.227e+07,9.6347e+06,7.5558e+06,4.8177e+06,3.8163e+06,5.1951e+06,7.9054e+06
1.1229e+07,1.2677e+07,1.3639e+07,1.3939e+07,1.3583e+07,1.2174e+07,9.9375e+06,7.0277e+06,2.3823e+06,2.0132e+06,2.6047e+06,5.3499e+06
1.0342e+07,1.1985e+07,1.3088e+07,1.4445e+07,1.3937e+07,1.217e+07,1.0772e+07,7.0137e+06,3.2304e+06,1.5083e+06,2.0059e+06,5.0593e+06
9.6039e+06,1.1686e+07,1.2483e+07,1.3135e+07,1.288e+07,1.1676e+07,8.8469e+06,6.1082e+06,2.8773e+06,2.5003e+06,3.6294e+06,6.4773e+06
1.0436e+07,1.2029e+07,1.3285e+07,1.4038e+07,1.3682e+07,1.2278e+07,7.2907e+06,8.4474e+05,1.4086e+05,1.4086e+05,1.0742e+06,3.2245e+06
8.9499e+06,1.188e+07,1.3029e+07,1.3732e+07,1.3429e+07,1.2371e+07,1.0627e+07,6.9183e+06,4.8126e+06,3.6618e+06,5.5892e+06,8.4989e+06
1.1232e+07,1.2727e+07,1.3884e+07,1.4239e+07,1.4037e+07,1.3076e+07,9.5501e+06,3.8553e+06,3.8116e+05,1.8857e+05,1.3966e+06,4.6218e+06
9.6024e+06,1.2133e+07,1.3279e+07,1.3986e+07,1.3481e+07,1.192e+07,8.8447e+06,6.7733e+06,4.0459e+06,3.1944e+06,4.6676e+06,7.319e+06
1.0343e+07,1.2032e+07,1.3382e+07,1.3934e+07,1.3782e+07,1.3075e+07,9.6378e+06,5.1452e+06,1.137e+06,3.3286e+05,3.356e+06,6.727e+06
1.0638e+07,1.2576e+07,1.3583e+07,1.3936e+07,1.3633e+07,1.2524e+07,8.7944e+06,6.781e+06,3.5369e+06,2.823e+06,4.0575e+06,7.1193e+06
1.0442e+07,1.2131e+07,1.3631e+07,1.3782e+07,1.368e+07,1.2323e+07,8.3032e+06,2.2638e+06,1.4086e+05,1.8857e+05,2.6475e+06,5.7862e+06
1.0537e+07,1.2628e+07,1.363e+07,1.3833e+07,1.3731e+07,1.2975e+07,1.0877e+07,6.8173e+06,4.6632e+06,3.8955e+06,4.953e+06,8.0513e+06
1.0935e+07,1.2577e+07,1.3632e+07,1.3884e+07,1.3682e+07,1.2323e+07,9.3641e+06,2.2832e+06,3.7507e+05,2.3687e+05,1.1055e+06,4.7606e+06
1.0243e+07,1.2426e+07,1.3383e+07,1.4088e+07,1.3631e+07,1.2322e+07,1.0582e+07,5.9875e+06,2.4928e+06,1.8031e+06,2.7349e+06,5.9502e+06
9.8989e+06,1.1978e+07,1.3286e+07,1.3739e+07,1.323e+07,1.1373e+07,8.2079e+06,2.624e+06,7.4489e+05,5.6391e+05,1.4418e+06,4.5745e+06
8.9481e+06,1.173e+07,1.2931e+07,1.3433e+07,1.3231e+07,1.2224e+07,8.8947e+06,5.3947e+06,3.0487e+06,2.299e+06,4.4713e+06,6.0303e+06
1.0243e+07,1.1885e+07,1.2929e+07,1.3681e+07,1.363e+07,1.2572e+07,1.0285e+07,4.6677e+06,2.1677e+06,1.8431e+06,3.0965e+06,5.0986e+06
9.1904e+06,1.2227e+07,1.3327e+07,1.358e+07,1.3175e+07,1.1273e+07,5.7338e+06,4.266e+05,94709,0,0,2.7702e+05
4.1069e+06,9.5703e+06,1.1785e+07,1.2231e+07,1.2082e+07,9.8402e+06,7.1202e+06,2.9092e+06,1.8857e+05,46155,5.468e+05,2.6003e+06
8.2673e+06,1.1189e+07,1.2583e+07,1.2781e+07,1.2527e+07,1.1324e+07,8.1501e+06,5.7474e+06,2.7713e+06,1.7042e+06,4.1415e+06,5.7401e+06
9.3959e+06,1.1584e+07,1.3032e+07,1.358e+07,1.3378e+07,1.1869e+07,8.7954e+06,5.9433e+06,2.8949e+06,2.4194e+06,5.0011e+06,7.0169e+06
1.0085e+07,1.2028e+07,1.298e+07,1.3329e+07,1.3177e+07,1.172e+07,8.1978e+06,3.4803e+06,2.3557e+05,2.3223e+05,2.1297e+06,4.7654e+06
9.2942e+06,1.168e+07,1.2781e+07,1.303e+07,1.2881e+07,1.1187e+07,6.8801e+06,1.8422e+06,1.8857e+05,2.191e+05,1.5247e+06,4.4812e+06
8.5149e+06,1.1434e+07,1.2881e+07,1.3733e+07,1.3478e+07,1.212e+07,9.4853e+06,6.382e+06,2.0241e+06,1.2109e+06,3.0737e+06,6.6709e+06
