1.098e+07,1.2724e+07,1.3833e+07,1.4391e+07,1.4341e+07,1.2874e+07,9.6837e+06,4.8051e+06,2.5636e+06,2.1459e+06,5.3339e+06,9.5447e+06
1.1874e+07,1.3478e+07,1.5104e+07,1.6018e+07,1.5611e+07,1.3883e+07,1.2021e+07,8.5105e+06,4.6088e+06,4.3907e+06,8.8118e+06,1.0581e+07
1.2476e+07,1.4952e+07,1.7037e+07,1.7344e+07,1.6986e+07,1.5355e+07,1.2422e+07,9.3173e+06,6.568e+06,6.9296e+06,9.4485e+06,1.1572e+07
1.3682e+07,1.6323e+07,1.755e+07,1.8162e+07,1.765e+07,1.6221e+07,1.2873e+07,9.6187e+06,6.9947e+06,7.4427e+06,9.9372e+06,1.2122e+07
1.4086e+07,1.6833e+07,1.8265e+07,1.8879e+07,1.8623e+07,1.6782e+07,1.3377e+07,1.0739e+07,7.871e+06,8.184e+06,1.0385e+07,1.2522e+07
1.5052e+07,1.76e+07,1.8675e+07,1.9338e+07,1.9082e+07,1.7192e+07,1.4394e+07,1.2016e+07,1.0368e+07,1.0485e+07,1.1969e+07,1.2925e+07
1.6481e+07,1.8471e+07,1.939e+07,2.0309e+07,1.9746e+07,1.7651e+07,1.4394e+07,1.1723e+07,9.2857e+06,9.0899e+06,1.0925e+07,1.3327e+07
1.6681e+07,1.8778e+07,1.9441e+07,2.0564e+07,2.0208e+07,1.7753e+07,1.5004e+07,1.1478e+07,8.7228e+06,8.5077e+06,1.1369e+07,1.2875e+07
1.6733e+07,1.8574e+07,1.9492e+07,2.0513e+07,1.9799e+07,1.7908e+07,1.5017e+07,1.1857e+07,1.0197e+07,1.0644e+07,1.2168e+07,1.3477e+07
1.6631e+07,1.8625e+07,1.9391e+07,1.9722e+07,1.9434e+07,1.7121e+07,1.4112e+07,1.089e+07,8.9753e+06,8.8937e+06,1.079e+07,1.2826e+07
1.6406e+07,1.7906e+07,1.8648e+07,1.8733e+07,1.8334e+07,1.5755e+07,1.1872e+07,9.2369e+06,6.2434e+06,5.9753e+06,1.0013e+07,1.2139e+07
1.5299e+07,1.7566e+07,1.8614e+07,1.8911e+07,1.8475e+07,1.6049e+07,1.2184e+07,8.6701e+06,5.6283e+06,6.213e+06,9.7403e+06,1.259e+07
1.5837e+07,1.7831e+07,1.9459e+07,1.993e+07,1.9171e+07,1.7182e+07,1.3939e+07,1.0732e+07,8.1782e+06,8.2057e+06,1.143e+07,1.2976e+07
1.5868e+07,1.8367e+07,1.9595e+07,2.0362e+07,1.9238e+07,1.745e+07,1.4342e+07,1.1556e+07,8.1023e+06,8.5238e+06,1.1269e+07,1.3225e+07
1.5817e+07,1.8115e+07,1.9136e+07,1.9339e+07,1.8727e+07,1.7345e+07,1.4087e+07,1.1293e+07,7.9544e+06,9.2118e+06,1.1222e+07,1.3174e+07
1.5919e+07,1.7859e+07,1.9187e+07,1.9595e+07,1.9442e+07,1.7143e+07,1.3885e+07,1.127e+07,9.8828e+06,9.4372e+06,1.1023e+07,1.2471e+07
1.5258e+07,1.7501e+07,1.888e+07,1.9084e+07,1.8572e+07,1.7292e+07,1.4088e+07,1.1968e+07,9.875e+06,9.9314e+06,1.1667e+07,1.2823e+07
1.5764e+07,1.8215e+07,1.9237e+07,1.9594e+07,1.9135e+07,1.719e+07,1.4241e+07,1.1617e+07,9.8744e+06,9.578e+06,1.1567e+07,1.3175e+07
1.6274e+07,1.7754e+07,1.9237e+07,1.9442e+07,1.878e+07,1.7044e+07,1.3128e+07,1.0918e+07,8.9884e+06,8.6438e+06,1.0872e+07,1.2371e+07
1.5265e+07,1.7153e+07,1.7408e+07,1.7613e+07,1.7256e+07,1.5775e+07,1.318e+07,1.1416e+07,1.042e+07,1.0123e+07,1.0868e+07,1.1569e+07
1.3395e+07,1.4978e+07,1.5334e+07,1.5391e+07,1.5138e+07,1.407e+07,1.0531e+07,9.0414e+06,8.0577e+06,7.8134e+06,8.5455e+06,9.9816e+06
1.0531e+07,1.2818e+07,1.393e+07,1.4035e+07,1.373e+07,1.1807e+07,9.6863e+06,8.8919e+06,7.9575e+06,7.8587e+06,8.3489e+06,9.1888e+06
9.7388e+06,1.1313e+07,1.269e+07,1.2944e+07,1.2534e+07,1.0454e+07,9.2434e+06,8.1082e+06,7.7145e+06,7.2721e+06,7.7631e+06,8.2058e+06
9.1013e+06,1.0827e+07,1.2203e+07,1.2406e+07,1.1949e+07,1.0322e+07,8.753e+06,7.3773e+06,6.6009e+06,6.4069e+06,7.1263e+06,8.2047e+06
8.9981e+06,1.0153e+07,1.2234e+07,1.2534e+07,1.1776e+07,9.5001e+06,8.6009e+06,6.7453e+06,5.8226e+06,5.3822e+06,6.0089e+06,7.6755e+06
8.9997e+06,1.0254e+07,1.1819e+07,1.2528e+07,1.2221e+07,1.0446e+07,8.8016e+06,6.7004e+06,5.4339e+06,4.9421e+06,6.3045e+06,8.4638e+06
9.2985e+06,1.0712e+07,1.1426e+07,1.1778e+07,1.1418e+07,1.0048e+07,8.5811e+06,6.4198e+06,5.3429e+06,4.5628e+06,5.9229e+06,8.2262e+06
9.1562e+06,1.0001e+07,1.1466e+07,1.1668e+07,1.0997e+07,1.0138e+07,9.1931e+06,7.2225e+06,5.665e+06,5.417e+06,5.2652e+06,8.1073e+06
9.4463e+06,1.0648e+07,1.1602e+07,1.221e+07,1.1499e+07,1.0335e+07,8.846e+06,5.7782e+06,4.4761e+06,3.7357e+06,5.3171e+06,8.4629e+06
9.7428e+06,1.1095e+07,1.2613e+07,1.2765e+07,1.2051e+07,1.0635e+07,9.8346e+06,7.3735e+06,4.8618e+06,4.0669e+06,5.557e+06,8.9992e+06
1.0235e+07,1.1746e+07,1.2963e+07,1.3316e+07,1.3111e+07,1.1741e+07,9.245e+06,6.7934e+06,4.1147e+06,4.16e+06,6.0397e+06,9.493e+06
1.1383e+07,1.2694e+07,1.4265e+07,1.4317e+07,1.4264e+07,1.2237e+07,1.0378e+07,7.8997e+06,6.8676e+06,6.4775e+06,7.8995e+06,1.0037e+07
1.1784e+07,1.3959e+07,1.5377e+07,1.5727e+07,1.4957e+07,1.3685e+07,1.1627e+07,9.3947e+06,6.9434e+06,6.1902e+06,8.9954e+06,1.1428e+07
1.3082e+07,1.4754e+07,1.5467e+07,1.5823e+07,1.5566e+07,1.4138e+07,1.2424e+07,1.0876e+07,9.5379e+06,8.8001e+06,9.7933e+06,1.1482e+07
1.3279e+07,1.5157e+07,1.6024e+07,1.6229e+07,1.5974e+07,1.4088e+07,1.2776e+07,1.1772e+07,1.0328e+07,9.7854e+06,1.0482e+07,1.178e+07
1.3735e+07,1.5819e+07,1.6228e+07,1.6636e+07,1.6126e+07,1.4138e+07,1.2575e+07,1.0928e+07,9.1495e+06,8.7066e+06,1.0043e+07,1.2126e+07
1.3785e+07,1.4904e+07,1.6228e+07,1.6228e+07,1.5718e+07,1.4341e+07,1.3377e+07,1.192e+07,1.0376e+07,9.4352e+06,1.0873e+07,1.2273e+07
1.3533e+07,1.5157e+07,1.6636e+07,1.7095e+07,1.6686e+07,1.4393e+07,1.3279e+07,1.1323e+07,9.4926e+06,9.046e+06,1.0333e+07,1.2325e+07
1.4139e+07,1.5412e+07,1.684e+07,1.7198e+07,1.6891e+07,1.4494e+07,1.3682e+07,1.177e+07,9.9825e+06,9.4893e+06,1.053e+07,1.2473e+07
1.3989e+07,1.5977e+07,1.669e+07,1.7147e+07,1.6943e+07,1.4595e+07,1.3278e+07,1.1672e+07,9.7393e+06,9.3471e+06,1.038e+07,1.2174e+07
1.3938e+07,1.526e+07,1.6842e+07,1.6995e+07,1.6842e+07,1.4494e+07,1.3076e+07,1.177e+07,9.3922e+06,8.7962e+06,1.0629e+07,1.2924e+07
1.4189e+07,1.6075e+07,1.6842e+07,1.7248e+07,1.6942e+07,1.4749e+07,1.3279e+07,1.1769e+07,9.9357e+06,9.5416e+06,1.0141e+07,1.2324e+07
1.4188e+07,1.6026e+07,1.6842e+07,1.7249e+07,1.6942e+07,1.4748e+07,1.2973e+07,1.1369e+07,9.6297e+06,8.9905e+06,1.0189e+07,1.2526e+07
1.4242e+07,1.6178e+07,1.6944e+07,1.6893e+07,1.669e+07,1.4751e+07,1.2878e+07,1.0237e+07,9.0018e+06,8.6083e+06,9.7931e+06,1.2084e+07
1.3988e+07,1.6178e+07,1.6996e+07,1.7301e+07,1.6892e+07,1.5056e+07,1.3381e+07,1.1075e+07,9.5422e+06,9.345e+06,1.0339e+07,1.2425e+07
1.4394e+07,1.6024e+07,1.7097e+07,1.7097e+07,1.6535e+07,1.4596e+07,1.3227e+07,1.1323e+07,9.5899e+06,9.1974e+06,1.0533e+07,1.2674e+07
1.4036e+07,1.5717e+07,1.6943e+07,1.7506e+07,1.6942e+07,1.4901e+07,1.358e+07,1.2021e+07,1.0526e+07,9.8365e+06,1.0929e+07,1.2725e+07
1.4138e+07,1.5818e+07,1.6892e+07,1.7097e+07,1.6791e+07,1.4494e+07,1.3023e+07,1.1718e+07,9.7846e+06,9.5886e+06,1.0877e+07,1.2872e+07
1.3884e+07,1.5925e+07,1.6692e+07,1.7099e+07,1.6794e+07,1.4295e+07,1.2922e+07,1.1717e+07,1.0127e+07,9.8303e+06,1.127e+07,1.2522e+07
1.4447e+07,1.6337e+07,1.6948e+07,1.7304e+07,1.6897e+07,1.5364e+07,1.3125e+07,1.1767e+07,1.0373e+07,9.9298e+06,1.0728e+07,1.2421e+07
