0.0017593,0.00133,0.0014841,0.0023237,0.0035569,0.0058031,0.0072707,0.0070283,0.0058534,0.0042562,0.0029027,0.0020048
0.0014917,0.0015725,0.0014715,0.002296,0.003793,0.0059685,0.0075358,0.007461,0.0059195,0.0043067,0.0031067,0.0022809
0.0019276,0.0015824,0.0016183,0.0022723,0.0038752,0.0066998,0.0076025,0.0072734,0.0061281,0.0045523,0.0033027,0.0023605
0.0017175,0.0013868,0.0014944,0.0022638,0.0037178,0.0057754,0.0072295,0.0070185,0.0061368,0.0042328,0.0031087,0.0021657
0.001412,0.0013538,0.0020664,0.0022996,0.0037003,0.0060125,0.0076129,0.007165,0.00628,0.0045195,0.0033981,0.0028615
0.0027259,0.001919,0.0017363,0.0025991,0.0041497,0.0060525,0.0075283,0.0075293,0.0065646,0.0046466,0.0035629,0.0024053
0.0020526,0.001891,0.0016979,0.0019963,0.0035574,0.0058348,0.0073133,0.0072835,0.006232,0.004408,0.0031083,0.0023965
0.0018705,0.0014804,0.0015048,0.0022283,0.0043639,0.0064256,0.0076919,0.0074737,0.006593,0.0049209,0.0035799,0.0025946
0.0018676,0.001656,0.0017666,0.0023223,0.0038491,0.0060274,0.0075965,0.0075197,0.0062544,0.0043897,0.0031976,0.0022622
0.0016652,0.0012933,0.001479,0.002211,0.0034552,0.0059712,0.0075942,0.0073109,0.0060291,0.0043776,0.003045,0.0023037
0.0017686,0.0012788,0.0014604,0.0021382,0.0034249,0.0054644,0.0073251,0.0069073,0.0059333,0.0041634,0.0029589,0.0019605
0.0017099,0.0014781,0.0014391,0.0019599,0.0033671,0.005403,0.0072837,0.0071867,0.0056461,0.0040054,0.0030577,0.0020504
0.0014363,0.0015042,0.0014343,0.0021261,0.0038007,0.0056767,0.0073028,0.0069288,0.0060044,0.0040818,0.0029017,0.0018909
0.0015706,0.0012318,0.001378,0.0020457,0.003201,0.0058208,0.0071547,0.0069907,0.0059671,0.0044452,0.0029126,0.0021635
0.001652,0.0013175,0.0013919,0.0023674,0.0039692,0.0059118,0.0072418,0.007228,0.0060131,0.0040607,0.0029271,0.0022696
0.0016826,0.0015675,0.0015984,0.0022061,0.0035971,0.0059376,0.0073342,0.0070789,0.005958,0.0042643,0.0028528,0.0021344
0.0014208,0.0014504,0.0015602,0.0021823,0.0035674,0.0055436,0.0072398,0.0069965,0.0059328,0.0042227,0.0028054,0.0020504
0.0019998,0.0014301,0.0015313,0.0019733,0.0030973,0.0056341,0.007364,0.0069692,0.0060154,0.0041658,0.0029077,0.0021402
0.0016686,0.0012597,0.0013873,0.0020025,0.0037171,0.0062561,0.0073905,0.0071134,0.0061979,0.0046232,0.0032102,0.0023301
0.0018959,0.0012546,0.0013254,0.0023124,0.0035358,0.0055011,0.0073795,0.0071702,0.006084,0.0041748,0.0031658,0.0022329
0.0016105,0.0012025,0.0013473,0.0020508,0.0036637,0.0057012,0.0069612,0.006891,0.0058242,0.004281,0.0030753,0.0023347
0.001792,0.0016901,0.0015717,0.0021939,0.0036125,0.0057892,0.0072166,0.0070924,0.0062139,0.004484,0.003017,0.0021443
0.0017404,0.0014106,0.0015845,0.0020683,0.0038138,0.0059404,0.0076528,0.0073148,0.0058241,0.0043541,0.0030405,0.0019107
0.0013824,0.0011303,0.0013621,0.0019893,0.0033993,0.0055903,0.0069955,0.0067976,0.0058325,0.004101,0.0029569,0.0021997
0.0015586,0.0013614,0.0013471,0.0019911,0.0038445,0.0060877,0.0073234,0.007262,0.0059391,0.0043171,0.0030485,0.0019259
0.0013175,0.0012734,0.0013894,0.0019501,0.0035112,0.006042,0.0073384,0.0069433,0.0060116,0.0043087,0.0030156,0.002125
0.001384,0.0016131,0.001593,0.002352,0.0036702,0.0056654,0.0070662,0.0070119,0.00594,0.0043242,0.0028456,0.0019218
0.0015265,0.0014292,0.0014988,0.002334,0.0038272,0.0055593,0.0071341,0.006924,0.0059169,0.004035,0.0029854,0.0020421
0.0016931,0.0013071,0.001462,0.0023077,0.003752,0.0061594,0.0077597,0.0070589,0.0060067,0.0043353,0.0029987,0.0021903
0.001617,0.0012536,0.0013556,0.0018034,0.0034758,0.0059076,0.0072216,0.0070933,0.0061523,0.0042071,0.0030165,0.0022762
0.0018173,0.0013285,0.0016442,0.0021268,0.0034367,0.0058455,0.0073223,0.0069728,0.0057076,0.0039486,0.0030731,0.0020313
0.0014204,0.0011912,0.0015414,0.0021257,0.0037061,0.0055716,0.0072865,0.0071385,0.0059328,0.004226,0.0030419,0.0020504
0.0015346,0.0011337,0.0012653,0.0022865,0.0039811,0.0057118,0.007305,0.0071083,0.0058416,0.0041437,0.0027291,0.0019341
0.0015553,0.001229,0.0013421,0.0021365,0.003709,0.0054441,0.0070227,0.0069176,0.0057804,0.0040104,0.0025745,0.0018995
0.0013179,0.0011917,0.0012719,0.0021506,0.0034377,0.0055989,0.0068481,0.0067141,0.0056945,0.0042072,0.0027635,0.0017951
0.0013207,0.001197,0.0014109,0.0019072,0.0035064,0.0057623,0.0070213,0.0067014,0.0056662,0.0038856,0.0027079,0.0022793
0.0017186,0.0012179,0.0015023,0.0019317,0.0036848,0.0057924,0.0070953,0.0070034,0.0059816,0.0042605,0.0031094,0.0024886
0.0019791,0.0015103,0.0017115,0.0025664,0.0038393,0.0057338,0.0074326,0.007043,0.0060901,0.0042658,0.0027986,0.0020612
0.0016247,0.0016238,0.0016865,0.002179,0.0034657,0.0055797,0.0071051,0.0069254,0.0057466,0.0041887,0.0028852,0.0019145
0.0013256,0.0011461,0.0014513,0.0022088,0.0035535,0.0057427,0.0072819,0.0070809,0.0056518,0.0041228,0.0028254,0.0019954
0.0014846,0.0013053,0.0013532,0.0020368,0.0036655,0.0061761,0.0072594,0.0069128,0.0057619,0.004147,0.002936,0.0022551
