1.046e-08,9.7378e-09,8.8956e-09,8.2609e-09,3.5277e-09,1.0751e-09,3.6461e-10,3.1213e-10,8.2743e-10,2.7226e-09,5.9209e-09,9.6757e-09
9.8383e-09,1.004e-08,9.4021e-09,7.9376e-09,3.6995e-09,6.9823e-10,2.2491e-10,2.2038e-10,5.1634e-10,2.2549e-09,5.7086e-09,8.4715e-09
8.3955e-09,8.8951e-09,9.8384e-09,7.0033e-09,3.5774e-09,7.3265e-10,1.0412e-10,8.6e-11,6.016e-10,1.898e-09,5.0427e-09,7.8316e-09
9.1248e-09,9.6302e-09,8.9771e-09,6.6797e-09,4.0386e-09,8.2791e-10,1.9091e-10,3.9788e-11,4.6825e-10,1.5063e-09,4.3754e-09,8.4787e-09
8.9386e-09,8.7871e-09,8.8145e-09,5.5888e-09,2.4052e-09,3.0938e-10,5.5814e-11,2.1399e-13,9.7588e-11,1.1245e-09,3.2698e-09,6.1908e-09
9.0572e-09,8.7127e-09,9.8102e-09,6.1706e-09,2.3e-09,1.0006e-10,9.1035e-14,4.3728e-15,6.356e-11,4.6834e-10,2.2208e-09,6.3056e-09
7.5555e-09,9.0841e-09,8.1999e-09,5.448e-09,2.1606e-09,2.7065e-10,2.4424e-11,5.6273e-15,2.5929e-10,8.5239e-10,3.3112e-09,6.6763e-09
7.8804e-09,8.9782e-09,7.2847e-09,6.4264e-09,3.2608e-09,3.7863e-10,1.6666e-11,8.1693e-15,1.0074e-10,7.2477e-10,3.2627e-09,5.5899e-09
8.0044e-09,8.3625e-09,7.897e-09,4.9081e-09,1.8763e-09,6.6133e-11,1.0937e-12,4.915e-15,1.5529e-10,6.1768e-10,2.4464e-09,5.642e-09
7.443e-09,8.6266e-09,7.7705e-09,5.4046e-09,1.9955e-09,1.7421e-10,1.7061e-11,9.5495e-15,9.1114e-11,4.9814e-10,2.3534e-09,5.5735e-09
7.4329e-09,5.9178e-09,7.556e-09,4.3864e-09,1.343e-09,1.9372e-10,1.7736e-13,2.6529e-15,4.8213e-11,2.017e-10,1.6115e-09,4.5145e-09
6.4029e-09,7.2678e-09,5.8944e-09,3.5233e-09,7.1349e-10,1.6534e-11,1.9869e-16,2.1686e-16,4.0009e-12,2.2477e-10,5.6118e-10,2.8734e-09
5.3759e-09,5.6525e-09,5.6639e-09,3.249e-09,8.8936e-10,1.4974e-11,3.1797e-16,6.2597e-16,9.0606e-15,7.1678e-11,3.5029e-10,2.3519e-09
4.8705e-09,6.228e-09,5.4043e-09,2.4595e-09,1.1166e-09,5.2217e-11,2.0434e-16,1.4375e-15,1.2782e-14,6.0691e-11,4.6204e-10,1.5599e-09
4.4887e-09,4.9654e-09,4.5104e-09,2.1338e-09,6.796e-10,1.1723e-11,1.2997e-16,7.7825e-16,4.5396e-15,6.8586e-15,4.0288e-10,2.1516e-09
4.2119e-09,4.5076e-09,5.1315e-09,2.9219e-09,3.8702e-10,1.8376e-15,1.0126e-16,2.723e-16,2.7349e-15,5.8576e-12,2.3964e-10,1.8013e-09
4.1818e-09,4.3019e-09,4.3083e-09,2.0997e-09,2.1744e-10,1.6069e-15,2.6607e-16,3.9383e-16,2.7518e-15,2.2479e-11,2.7494e-10,1.6796e-09
3.9192e-09,4.0514e-09,3.9452e-09,1.9843e-09,1.9234e-10,3.2012e-12,3.8268e-16,2.8309e-16,3.6486e-15,1.52e-11,1.9573e-10,1.521e-09
3.7912e-09,3.8768e-09,3.6769e-09,1.5951e-09,3.5231e-10,4.7846e-16,2.663e-16,3.3996e-16,4.3707e-15,1.3081e-14,1.868e-10,2.0271e-09
3.0014e-09,4.3166e-09,3.2787e-09,2.5793e-09,4.0554e-10,2.9093e-16,8.3957e-17,6.879e-16,1.6427e-15,2.8695e-11,4.2366e-10,1.8989e-09
2.6028e-09,3.7503e-09,3.3627e-09,1.6469e-09,4.2896e-10,2.2573e-16,9.9945e-17,1.1993e-15,4.9753e-15,4.8613e-15,1.7214e-10,1.2797e-09
3.3824e-09,3.148e-09,3.1302e-09,1.7638e-09,4.8798e-10,1.1344e-15,1.8602e-16,5.3315e-16,3.16e-15,1.4934e-13,5.3918e-11,1.0614e-09
2.7004e-09,4.3252e-09,2.7929e-09,1.4639e-09,3.4578e-10,1.5177e-16,6.6215e-17,2.9052e-16,3.0407e-15,2.7282e-15,1.3486e-10,1.3338e-09
2.875e-09,3.7959e-09,3.0797e-09,1.0209e-09,1.9668e-10,8.5734e-16,1.2843e-16,3.6405e-16,2.6205e-15,3.6302e-15,4.8657e-11,1.1631e-09
2.7563e-09,3.2323e-09,2.8884e-09,1.5578e-09,9.0149e-11,6.6647e-16,2.5239e-16,5.0191e-16,8.4914e-15,9.3925e-15,1.4312e-10,8.3957e-10
2.3604e-09,3.5886e-09,3.1219e-09,7.4416e-10,3.6894e-10,2.8365e-16,2.6652e-16,3.6099e-16,1.1704e-15,6.8634e-15,6.1326e-11,6.9981e-10
2.3518e-09,3.0498e-09,2.3405e-09,6.5513e-10,3.2272e-11,2.055e-16,2.5884e-16,4.6983e-16,2.6176e-15,8.7787e-15,2.0756e-11,6.0966e-10
1.7657e-09,2.8504e-09,2.6651e-09,5.5515e-10,9.6638e-12,1.7199e-16,6.4495e-17,1.6087e-16,8.1862e-16,8.7182e-15,7.9207e-11,5.8083e-10
1.8211e-09,2.2012e-09,1.8575e-09,4.7615e-10,1.6653e-15,6.0462e-16,1.3088e-17,4.064e-16,3.974e-16,5.0831e-15,6.0542e-12,7.3285e-10
1.425e-09,2.1918e-09,2.1234e-09,7.6635e-10,1.5487e-14,2.0797e-16,8.459e-17,6.0881e-16,1.7394e-15,3.6404e-15,2.2855e-14,4.0386e-10
1.7239e-09,1.6149e-09,1.6253e-09,1.3054e-09,9.4624e-11,7.4391e-16,2.7872e-17,4.0594e-16,1.3127e-15,3.5931e-15,1.0525e-11,3.877e-10
1.7113e-09,2.1513e-09,2.0174e-09,7.6328e-10,1.5503e-10,3.5369e-16,2.2176e-16,2.6998e-16,1.5715e-15,6.4555e-15,3.4371e-11,4.0579e-10
1.0046e-09,2.0151e-09,1.0832e-09,8.6983e-10,5.4635e-11,9.7594e-17,1.2355e-16,4.0674e-16,8.9798e-16,5.3461e-15,3.8574e-15,3.3649e-10
1.2073e-09,2.0156e-09,1.8376e-09,6.6865e-10,5.4213e-11,9.2702e-17,8.0917e-17,2.5107e-16,1.3611e-15,6.5592e-15,2.2634e-13,5.2433e-10
1.4099e-09,2.4952e-09,1.9091e-09,7.7078e-10,2.4662e-11,3.4918e-16,5.4276e-17,1.6246e-16,1.7215e-15,2.4879e-15,6.1118e-12,5.2045e-10
1.64e-09,1.9809e-09,2.1218e-09,3.5523e-10,1.0771e-12,5.2094e-16,1.3685e-16,3.4098e-16,2.2716e-15,2.6526e-15,3.9746e-13,6.2951e-10
1.6226e-09,1.3494e-09,1.2162e-09,9.3478e-10,1.292e-10,2.5298e-16,5.0436e-17,2.4809e-16,3.436e-15,3.4832e-15,3.5178e-11,6.7339e-10
2.4692e-09,1.7347e-09,1.8642e-09,2.012e-10,8.4776e-14,1.1508e-16,1.284e-16,2.2416e-16,2.8953e-15,1.3577e-15,2.5943e-11,5.568e-10
