35.391,39.629,39.168,38.023,38.368,39.135,36.951,37.459,34.208,34.746,38.48,32.961
37.334,35.757,38.747,38.828,36.875,43.119,38.037,36.936,36.79,38.68,34.853,35.234
34.097,37.157,28.069,34.963,33.687,38.857,42.273,43.117,31.958,35.784,32.198,36.33
34.881,27.084,34.348,33.948,38.953,37.551,42.47,40.435,40.671,32.695,36.875,34.153
35.348,33.768,36.044,37.676,40.283,42.617,39.947,38.109,34.157,30.017,27.393,35.852
32.505,30.635,39.83,31.963,38.056,43.135,39.273,41.924,39.063,38.908,39.277,34.891
28.226,31.198,33.252,27.529,39.561,42.633,47.474,47.264,40.184,34.34,24.757,33.485
39.446,34.473,38.699,36.042,36.738,44.49,43.685,43.729,38.593,32.702,35.606,38.994
35.166,36.749,38.621,30.877,36.552,44.714,36.504,37.818,36.988,27.717,34.74,31.083
34.833,36.166,35.775,37.3,40.635,45.386,36.65,42.539,32.51,33.098,35.168,37.067
29.704,34.468,34.208,36.905,31.671,37.486,40.943,44.079,33.732,26.159,30.047,34.224
37.952,28.611,31.258,32.171,40.449,47.396,46.193,45.585,42.199,39.874,31.95,37.513
28.016,35.125,37.595,29.387,40.923,44.488,49.378,56.868,39.798,31.135,30.031,31.851
38.801,32.016,31.746,31.377,43.8,46.918,53.449,51.911,42.39,32.298,26.556,34.638
41.831,41.514,35.816,34.136,39.063,49.733,48.345,52.509,42.456,37.376,34.226,29.991
33.936,32.34,37.221,37.21,47.455,48.949,51.195,48.14,44.068,34.593,41.55,33.636
35.272,35.483,36.429,39.69,41.345,49.687,48.189,48.399,41.66,31.571,31.986,32.519
39.654,33.47,33.474,40.375,41.994,50.164,54.135,57.374,46.385,35.944,43.253,34.604
39.111,36.235,38.773,34.457,43.464,52.873,49.542,50.846,43.818,28.828,43.933,35.853
41.054,35.317,33.415,39.367,43.217,44.233,46.037,46.337,40.442,30.809,36.465,39.311
33.744,34.564,32.951,35.198,42.312,55.288,42.224,50.825,42.736,31.7,34.502,33.742
34.971,25.736,40.387,38.966,43.359,51.577,55.738,55.729,45.468,34.753,33.791,38.547
28.48,32.099,29.659,39.25,48.966,60.879,62.732,58.73,50.778,35.901,38.219,39.748
35.411,39.868,43.214,38.872,43.113,50.443,53.243,55.168,42.994,37.668,39.117,35.367
38.521,37.351,32.329,30.328,43.984,51.972,63.634,57.974,41.332,36.238,37.461,39.619
37.907,35.681,35.173,46.611,51.614,55.097,60.015,58.002,44.739,41.191,40.387,40.944
29.981,46.262,35.856,43.683,45.667,49.06,52.175,56.206,42.875,34.157,26.8,39.841
27.572,43.78,42.623,38.348,58.55,57.2,57.565,57.112,46.287,38.118,38.84,32.236
39.665,36.34,35.597,39.417,49.133,55.113,55.742,56.938,44.157,37.958,43.059,36.76
39.261,41.207,37.133,41.79,41.206,52.02,55.732,58.792,40.331,35.852,38.777,40.781
38.109,35.28,38.46,34.179,47.664,60.667,59.822,59.122,48.31,41.54,37.886,42.12
40.498,34.877,40.016,35.757,38.944,49.851,61.801,55.463,47.166,31.909,36.709,38.465
28.013,44.256,38.288,33.733,42.035,58.935,62.126,59.11,44.152,33.447,38.899,36.297
39.967,26.953,44.527,40.288,53.255,63.398,61.753,54.348,44.488,35.786,37.068,36.11
38.768,29.05,28.176,40.765,52.181,59.031,62.236,58.577,51.16,33.433,43.079,37.808
35.717,42.944,38.092,42.073,57.013,58.709,62.845,60.257,49.099,37.972,39.845,40.081
35.158,34.485,34.051,43.219,60.366,61.732,61.962,59.254,43.962,32.798,37.293,39.694
41.429,27.572,39.013,50.601,53.437,60.652,61.553,55.802,40.83,26.152,34.184,40.003
35.998,43.325,45.559,49.019,58.954,52.249,58.277,55.141,42.531,28.749,37.079,41.989
43.794,35.197,41.338,33.787,46.62,54.798,57.259,54.448,41.003,35.057,35.271,38.841
38.059,46.512,38.731,34.02,52.757,60.366,58.014,55.39,42.873,36.264,41.666,38.178
35.048,32.547,41.553,44.214,60.41,62.173,62.008,54.043,45.401,37.158,38.319,42.418
39.917,36.506,35.06,39.048,49.597,59.823,59.267,54.121,47.996,35.794,38.116,38.179
39.076,32.793,32.632,45.219,68.172,64.71,62.145,58.101,46.726,43.162,35.811,46.636
39.095,40.25,36.3,48.236,57.771,56.416,57.586,53.425,38.381,32.534,41.719,39.152
33.72,42.035,45.195,40.415,44.323,60.178,59.786,56.447,43.541,37.493,34.091,38.231
34.11,39.529,30.473,44.065,57.361,68.892,64.593,59.551,48.844,33.961,39.6,38.899
34.587,37.282,40.113,42.281,54.814,63.149,61.914,58.429,50.076,40.381,40.787,38.39
40.834,29.17,36.883,45.213,49.854,58.751,64.262,60.32,46.69,31.461,42.077,42.128
30.723,43.633,44.267,48.289,52.04,48.888,52.036,54.563,43.639,39.164,34.766,33.52
39.131,39.495,38.015,45.192,60.631,64.07,61.837,56.595,46.071,32.377,35.375,42.591
37.089,36.904,34.986,44.023,53.979,65.38,62.006,56.136,47.49,34.33,45.22,41.054
41.733,28.713,45.529,50.055,56.852,69.418,59.686,58.032,46.26,36.821,39.63,37.735
38.453,35.312,38.178,38.924,47.897,60.858,59.863,55.521,46.441,33.12,32.528,35.066
36.078,36.275,37.732,42.077,54.517,64.582,60.479,55.99,48.978,38.202,42.512,33.695
36.05,40.135,42.775,42.41,61.646,58.5,59.905,55.56,50.584,29.816,36.712,45.001
41.489,43.078,33.542,40.373,51.221,68.349,61.177,57.686,49.076,35.61,36.27,38.992
37.453,47.303,43.761,40.546,48.527,57.985,58.095,56.048,48.502,35.965,35.662,32.221
34.571,36.771,43.308,42.316,49.968,64.282,62.768,57.371,48.391,34.556,37.709,37.907
25.973,37.187,36.54,48.552,53.348,65.698,59.908,56.496,50.544,39.901,36.384,33.548
38.429,40.093,34.586,47.855,57.972,63.002,57.203,56.74,49.37,38.512,43.007,43.126
45.609,37.893,38.691,43.336,46.288,61.15,59.56,55.739,51.579,38.263,34.852,40.405
37.092,29.231,34.526,36.073,51.474,63.134,58.708,57.471,45.115,35.457,40.304,40.619
36.64,33.697,39.76,42.94,54.032,55.26,56.694,58.44,41.083,39.172,37.515,40.216
41.826,33.626,36.571,45.139,59.146,60.008,59.608,59.235,51.829,39.721,35.402,35.163
40.24,44.685,39.116,38.334,48.928,59.704,60.122,55.942,45.207,43.638,32.687,36.051
36.006,40.668,38.651,45.351,47.021,63.413,59.339,58.363,49.181,37.206,40.215,35.66
36.899,29.91,31.104,50.624,53.338,53.038,61.009,54.558,45.645,37.909,42.709,38.466
36.936,35.789,32.868,49.395,61.545,59.859,62.08,57.536,44.727,32.788,38.079,44.576
43.617,29.832,42.352,39.944,46.355,54.016,59.714,58.92,47.111,42.334,40.439,34.885
36.43,40.446,35.841,32.962,49.684,65.314,59.145,56.241,45.623,36.415,40.216,37.11
35.552,33.347,33.356,46.613,54.624,57.261,58.731,57.83,51.15,34.629,43.74,38.283
33.744,45.469,43.826,40.014,46.585,57.464,61.158,58.68,48.915,43.243,39.081,32.59
37.598,30.612,40.56,37.808,49.29,59.784,59.459,59.842,46.067,40.688,43.02,36.313
32.344,37.451,38.848,47.173,53.897,65.714,63.477,57.372,49.911,43.641,36.8,35.956
43.124,34.437,42.705,43.356,51.678,65.746,62.181,55.801,54.512,38.261,43.666,40.061
38.589,29.619,36.911,42.042,49.972,47.049,54.795,52.505,42.639,31.637,29.383,39.557
40.349,34.437,30.298,48.626,50.836,53.169,53.038,54.618,46.189,41.048,39.181,35.764
