0.0017933,0.0013397,0.0014738,0.0023008,0.0038259,0.0056813,0.0068373,0.0065398,0.005493,0.003779,0.0028086,0.0020088
0.0016234,0.0011898,0.0011121,0.001945,0.0031813,0.0051645,0.0063965,0.0061317,0.0049797,0.0035648,0.0024529,0.0016459
0.001358,0.0012569,0.0012156,0.0017348,0.0029413,0.0044393,0.0057466,0.0058507,0.0045383,0.0030418,0.0019098,0.0013441
0.00087413,0.00079079,0.00099294,0.0016838,0.002772,0.0046719,0.0056674,0.0054485,0.0044408,0.0028556,0.0017891,0.0012065
0.00090807,0.00063399,0.00083877,0.0015042,0.0028825,0.0043664,0.0054654,0.0053083,0.0040735,0.0025912,0.0016849,0.0011543
0.00077092,0.00060895,0.00088458,0.0013722,0.0026185,0.0040436,0.0050709,0.0049788,0.003896,0.0025466,0.0015904,0.0010091
0.00053306,0.00047091,0.00062838,0.0013275,0.0025803,0.0044215,0.0052882,0.00495,0.0040054,0.0024306,0.0014929,0.00089068
0.00067203,0.00052566,0.00071407,0.0012887,0.0024127,0.0040982,0.0051798,0.00507,0.0038113,0.0023715,0.0013851,0.00091472
0.00066263,0.00055802,0.00071873,0.0013504,0.0025912,0.0041665,0.0052353,0.0048599,0.0037808,0.0024029,0.0013635,0.0008899
0.00063561,0.00061369,0.00067175,0.0012734,0.0027353,0.0043429,0.0053571,0.0050112,0.0038032,0.0025305,0.0016854,0.0013608
0.00099538,0.00081056,0.0010634,0.001691,0.0031457,0.004669,0.0058254,0.0055609,0.0042197,0.0029616,0.0020695,0.0010665
0.00080163,0.00080517,0.0010362,0.0016033,0.0031217,0.0048271,0.0058629,0.0055423,0.0042289,0.0030731,0.00178,0.0010788
0.00086549,0.00073522,0.00086033,0.0015491,0.0025529,0.0040539,0.0053393,0.0053524,0.0040843,0.0027721,0.0015242,0.0011562
0.00082273,0.00079261,0.00081307,0.0013152,0.002466,0.0040646,0.0052685,0.0053846,0.0041289,0.0025656,0.0015312,0.0010697
0.00083676,0.00074401,0.00087237,0.0014394,0.0025532,0.004251,0.0054176,0.0052262,0.0041004,0.0027323,0.00167,0.0011472
0.00086786,0.00069152,0.00099876,0.0014319,0.0024698,0.0041811,0.0053079,0.0051852,0.0040679,0.0026172,0.001505,0.0010941
0.00073313,0.00077375,0.00112,0.0017504,0.003294,0.0050201,0.0062428,0.0059526,0.0045471,0.0033762,0.0022933,0.0018652
0.0016553,0.0016183,0.0015867,0.0021312,0.0038001,0.0056828,0.0070376,0.0069424,0.0054064,0.0038875,0.0026756,0.0021191
0.002049,0.0015675,0.0016471,0.0025494,0.0039431,0.005688,0.0070579,0.0075011,0.0060404,0.0041504,0.0028882,0.0019528
0.0020657,0.0018887,0.0019741,0.0029044,0.0042313,0.0058174,0.0078131,0.0077974,0.0062895,0.0044273,0.0033056,0.0024042
0.0022062,0.0020285,0.0025222,0.0030583,0.0042701,0.0061431,0.0078293,0.008253,0.0066414,0.0046696,0.0035971,0.0026808
0.0021046,0.0019247,0.002079,0.002829,0.0041895,0.0062991,0.0077331,0.0081705,0.0067687,0.0047502,0.0035168,0.0025761
0.0022979,0.0021737,0.002096,0.0027926,0.0041125,0.0062834,0.007891,0.0082095,0.0066785,0.0044633,0.0033897,0.0025438
0.0023111,0.001976,0.0019886,0.0030802,0.0045154,0.0066908,0.0081623,0.0082226,0.0066395,0.0046375,0.0032915,0.002296
0.0022147,0.0017846,0.0021259,0.002526,0.0040766,0.0061968,0.0076011,0.0081498,0.0070333,0.0046651,0.00338,0.0025984
0.0022201,0.0019015,0.0021437,0.0028419,0.003879,0.0062819,0.0076979,0.0079156,0.0067652,0.004524,0.0030708,0.0023006
0.0021946,0.0019909,0.0018429,0.0023323,0.0038848,0.0060002,0.0072822,0.0073986,0.0062178,0.0041079,0.0030649,0.0024304
0.0019005,0.0017541,0.0018899,0.0024589,0.004121,0.0060464,0.0072877,0.0073983,0.0062119,0.0045111,0.0029145,0.0023653
0.0019517,0.0018737,0.0017189,0.0024088,0.0038842,0.0057893,0.0072416,0.007326,0.0060262,0.0040962,0.0029913,0.0019033
0.0016282,0.0016068,0.0014879,0.0023622,0.0036438,0.0056125,0.0069343,0.0069862,0.0056319,0.0040215,0.0026943,0.0019254
0.0015305,0.0013831,0.0013503,0.0019429,0.0033339,0.0053075,0.0066211,0.0067581,0.0054667,0.0037741,0.0025796,0.0015456
0.0012843,0.00091619,0.0012937,0.0019762,0.0033433,0.0050571,0.0063777,0.0064492,0.0048398,0.0036899,0.0023103,0.0014354
0.00082861,0.00086098,0.00099104,0.0016728,0.0030879,0.0049328,0.0061909,0.0060976,0.004985,0.0033539,0.0022108,0.0013326
0.0011831,0.00098234,0.0011536,0.0018615,0.0031086,0.0049178,0.0060889,0.0058946,0.0046825,0.0031201,0.0017677,0.0011533
0.00089253,0.0011073,0.001375,0.0021381,0.0027994,0.005143,0.0061585,0.0057165,0.0047109,0.0029098,0.0019218,0.0012775
0.0010854,0.00098711,0.0010483,0.0016754,0.003132,0.0046129,0.0056153,0.0054251,0.0043309,0.0030185,0.0018667,0.0013013
0.0010944,0.00088377,0.0010892,0.0016393,0.0027301,0.0043491,0.0055273,0.0054917,0.0042078,0.0028895,0.0017488,0.0011014
0.0013352,0.00084624,0.00099565,0.0015649,0.0023334,0.0040834,0.0053764,0.005405,0.0043152,0.0026022,0.0018033,0.0011762
0.0011038,0.00088676,0.0010295,0.0014886,0.002532,0.0041248,0.0053935,0.0053253,0.0041426,0.0026835,0.001651,0.0011506
0.00081452,0.00078115,0.0011062,0.0014457,0.0026224,0.0044311,0.0055011,0.0051922,0.0042689,0.0024855,0.0015726,0.0011731
0.00079212,0.00076936,0.00080853,0.0016469,0.002941,0.0044797,0.0056482,0.0052087,0.0040369,0.0025704,0.0017031,0.0012421
0.0010679,0.00089302,0.00096128,0.0016915,0.0026602,0.0043212,0.0056207,0.0055199,0.0041342,0.0024983,0.001475,0.0011262
0.0011193,0.00080096,0.00097306,0.0015457,0.0027199,0.0042269,0.0056811,0.0053048,0.0042904,0.0026276,0.0016317,0.0011223
0.00093574,0.00063466,0.0010131,0.0014707,0.002739,0.0042583,0.0057246,0.0054014,0.0042262,0.0028221,0.0017377,0.0011753
0.0010812,0.0009146,0.0011734,0.0016391,0.0025565,0.0041209,0.005504,0.0052746,0.0042398,0.0026052,0.0016325,0.0011266
0.0008268,0.00072653,0.00083825,0.0014315,0.0027034,0.0039497,0.0053116,0.0052055,0.0039128,0.002548,0.0016392,0.0010597
0.00088754,0.00066106,0.00075033,0.0013389,0.0025081,0.0041023,0.0055111,0.0052563,0.004134,0.0025033,0.0016122,0.0012625
0.00092857,0.00087612,0.00089818,0.0015606,0.0024449,0.003951,0.005287,0.0052164,0.0040567,0.0025601,0.001625,0.0010712
0.00080292,0.00064646,0.00090029,0.0014002,0.0025746,0.0042054,0.0054753,0.0052039,0.0041201,0.0026218,0.001567,0.0010281
0.00094394,0.00085166,0.00097295,0.0015973,0.0024073,0.0042284,0.0055359,0.0053689,0.0040208,0.0024148,0.0013659,0.0010246
0.00075688,0.0009476,0.00099919,0.0017072,0.0024908,0.0044432,0.0057539,0.0054135,0.0040607,0.0026067,0.0017513,0.0012231
0.0010282,0.00079614,0.0010312,0.0015686,0.0025202,0.0042314,0.0053455,0.0052971,0.0041572,0.0024643,0.0017011,0.0011923
0.00093037,0.00066581,0.00089847,0.0016013,0.0025262,0.0041352,0.0053535,0.0052311,0.0039936,0.0025265,0.0016092,0.0010438
0.00073153,0.00090117,0.00098545,0.0012966,0.0023861,0.0038987,0.0053957,0.0050286,0.0039512,0.0025332,0.0015062,0.0010231
0.00084451,0.00069937,0.00090073,0.0013686,0.0023573,0.0038754,0.0053142,0.0051693,0.00401,0.0024543,0.0015347,0.001005
0.00086017,0.00057994,0.00080889,0.0013514,0.0024705,0.0036388,0.0051003,0.0048496,0.0037481,0.002188,0.001361,0.00089426
0.00065673,0.00057482,0.00083722,0.0014813,0.0022994,0.0037951,0.0050487,0.0047502,0.0038553,0.0023515,0.0013968,0.0010163
0.00064413,0.00062824,0.00065698,0.0013634,0.0023346,0.0038037,0.0051237,0.0048718,0.0037588,0.0022671,0.0013791,0.00084112
0.00069047,0.00055051,0.00086986,0.0012998,0.0020004,0.0037699,0.0051005,0.0048459,0.0038357,0.002243,0.0013789,0.00093724
0.00059755,0.00057154,0.00088656,0.0014564,0.0024143,0.003853,0.0049796,0.0048112,0.0036138,0.0022486,0.0013781,0.00098474
0.00071575,0.00069054,0.00086912,0.0011749,0.0023074,0.0040062,0.0051373,0.0049338,0.0037016,0.0022823,0.0013012,0.0009059
0.00062794,0.00055213,0.00077287,0.0013657,0.0024025,0.0036374,0.005027,0.0047024,0.0037114,0.0022354,0.001292,0.00089825
0.00066713,0.00054011,0.00082117,0.0014689,0.0026818,0.004262,0.0052998,0.0051928,0.0037406,0.002492,0.0014267,0.00083518
0.0008994,0.00091287,0.00091023,0.0013736,0.0027361,0.0040058,0.0051045,0.0050015,0.0039754,0.0023574,0.0015222,0.001068
0.00080258,0.00083617,0.00085442,0.0012624,0.002212,0.0039341,0.0050605,0.0049982,0.0036638,0.0023489,0.001386,0.00090897
0.00078239,0.00064577,0.00075913,0.001402,0.0025198,0.0038845,0.0051429,0.0047573,0.003682,0.002331,0.0014083,0.00085028
0.00067156,0.00072335,0.00079743,0.0013792,0.0024034,0.0037785,0.0049095,0.0048625,0.0038689,0.0023939,0.0015353,0.0010538
0.00090616,0.000682,0.00077771,0.0012925,0.0021316,0.0034857,0.0047099,0.0046981,0.0036053,0.0020966,0.0014111,0.00097775
0.00059211,0.00060496,0.00077371,0.0012414,0.0025708,0.0038095,0.0048811,0.0047032,0.0036968,0.0020612,0.0013894,0.00093052
0.00080666,0.00060253,0.00073373,0.0013756,0.0023399,0.0038533,0.0048202,0.0048561,0.0038292,0.002262,0.0013313,0.00088638
0.00091056,0.00055351,0.00069683,0.001273,0.0023203,0.0037154,0.0047542,0.0047242,0.0034665,0.0020672,0.0013445,0.00078624
0.00073782,0.00049304,0.00061238,0.0011913,0.0018471,0.0034036,0.0046581,0.0046722,0.0035926,0.0019715,0.0011757,0.00098274
0.00048276,0.00068088,0.00080056,0.0011014,0.0022659,0.0035965,0.0048309,0.0044595,0.0034376,0.0021945,0.0013631,0.00099359
0.00060937,0.00054393,0.00063629,0.0012072,0.0020364,0.0030747,0.0042881,0.0043483,0.0034733,0.0021341,0.0013391,0.00096575
