9.5595e+06,1.2039e+07,1.3509e+07,1.3693e+07,1.2733e+07,1.0198e+07,5.4869e+06,2.0011e+06,6.5227e+05,4.2984e+05,2.9837e+06,5.9211e+06
9.3318e+06,1.1533e+07,1.3681e+07,1.3537e+07,1.2466e+07,1.0233e+07,5.5346e+06,1.6007e+06,4.102e+05,4.0032e+05,1.2925e+06,4.8034e+06
9.447e+06,1.144e+07,1.2988e+07,1.3142e+07,1.2182e+07,1.0542e+07,5.6656e+06,9.3572e+05,2.9691e+05,2.1664e+05,1.252e+06,4.8946e+06
9.0328e+06,1.1791e+07,1.3193e+07,1.3588e+07,1.2481e+07,9.7377e+06,5.7446e+06,1.244e+06,2.8341e+05,2.0527e+05,1.0218e+06,2.6678e+06
7.934e+06,1.04e+07,1.2514e+07,1.2918e+07,1.1766e+07,9.6195e+06,5.2929e+06,1.0588e+06,1.6356e+05,1.1167e+05,1.6093e+06,4.4972e+06
9.3524e+06,1.0827e+07,1.2078e+07,1.2605e+07,1.2001e+07,9.8574e+06,5.2776e+06,1.3178e+06,2.1948e+05,90180,8.9146e+05,5.2704e+06
9.5141e+06,1.1581e+07,1.3324e+07,1.3671e+07,1.2684e+07,1.0064e+07,5.7968e+06,1.5587e+06,2.81e+05,83549,1.2614e+06,4.071e+06
9.45e+06,1.1246e+07,1.3521e+07,1.3991e+07,1.2912e+07,1.0683e+07,5.6173e+06,1.8777e+06,4.5619e+05,1.2046e+05,8.2033e+05,1.9916e+06
9.011e+06,1.1472e+07,1.3287e+07,1.3577e+07,1.2133e+07,1.0024e+07,5.3666e+06,1.1378e+06,1.3692e+05,46928,5.9991e+05,1.9873e+06
8.6132e+06,1.1521e+07,1.3253e+07,1.399e+07,1.2834e+07,1.0403e+07,6.7724e+06,2.2833e+06,5.9428e+05,4.7462e+05,1.4964e+06,5.4275e+06
9.6237e+06,1.1487e+07,1.3161e+07,1.3434e+07,1.2298e+07,1.0467e+07,6.6094e+06,2.3359e+06,6.6313e+05,5.7083e+05,1.7311e+06,5.0268e+06
9.5861e+06,1.1436e+07,1.3251e+07,1.3406e+07,1.2224e+07,1.0536e+07,5.0445e+06,1.3212e+06,3.1909e+05,1.7252e+05,1.2971e+06,5.3836e+06
9.1899e+06,1.1061e+07,1.2711e+07,1.2891e+07,1.2303e+07,1.0386e+07,6.0343e+06,1.3455e+06,3.4956e+05,4.8666e+05,1.2813e+06,4.9903e+06
8.8152e+06,1.1398e+07,1.2904e+07,1.3309e+07,1.2089e+07,1.0225e+07,6.3092e+06,1.5582e+06,4.5976e+05,3.4599e+05,9.6682e+05,2.3071e+06
7.5264e+06,1.1534e+07,1.2955e+07,1.2744e+07,1.1626e+07,9.0261e+06,4.0639e+06,5.5245e+05,1.0281e+05,58445,8.7298e+05,3.4602e+06
7.8184e+06,1.1388e+07,1.3032e+07,1.3103e+07,1.2032e+07,1.0108e+07,5.5545e+06,1.4684e+06,2.393e+05,1.4505e+05,1.9169e+06,6.0167e+06
9.5256e+06,1.1278e+07,1.2778e+07,1.339e+07,1.249e+07,1.0314e+07,5.7793e+06,1.254e+06,3.3155e+05,2.4595e+05,1.1939e+06,3.8728e+06
9.2766e+06,1.1524e+07,1.2673e+07,1.3325e+07,1.259e+07,1.0187e+07,6.5034e+06,1.725e+06,4.3604e+05,2.9841e+05,1.4393e+06,5.4217e+06
9.6399e+06,1.2149e+07,1.3466e+07,1.3662e+07,1.2585e+07,1.0728e+07,6.6392e+06,2.0468e+06,5.9071e+05,5.9274e+05,1.3079e+06,6.096e+06
9.7643e+06,1.1842e+07,1.35e+07,1.3646e+07,1.2467e+07,1.0361e+07,5.5506e+06,1.1153e+06,2.2597e+05,87815,4.5812e+05,3.2395e+06
8.8277e+06,1.1053e+07,1.2522e+07,1.316e+07,1.2189e+07,9.6302e+06,5.0926e+06,1.1277e+06,1.5362e+05,55340,6.8146e+05,3.7304e+06
8.6041e+06,1.0717e+07,1.2218e+07,1.3131e+07,1.2192e+07,1.0281e+07,6.4705e+06,2.6148e+06,6.8934e+05,3.9229e+05,3.0077e+06,7.1964e+06
1.0011e+07,1.1514e+07,1.291e+07,1.3376e+07,1.2499e+07,1.0042e+07,5.4959e+06,2.1092e+06,6.3965e+05,3.2353e+05,1.4069e+06,4.7613e+06
8.9231e+06,1.0963e+07,1.2575e+07,1.2859e+07,1.1689e+07,8.9284e+06,3.0609e+06,3.3894e+05,43963,10001,94792,1.3038e+06
5.3012e+06,1.048e+07,1.1927e+07,1.2676e+07,1.2016e+07,9.849e+06,5.0144e+06,6.2602e+05,1.0787e+05,41132,2.5993e+05,1.3662e+06
6.1211e+06,9.6751e+06,1.2182e+07,1.2249e+07,1.1565e+07,9.1633e+06,5.1748e+06,6.8461e+05,1.2502e+05,37945,4.9946e+05,1.6705e+06
6.3668e+06,9.3476e+06,1.1738e+07,1.1896e+07,1.0717e+07,6.87e+06,3.3487e+06,2.5321e+05,38145,7552.2,32052,4.5966e+05
3.7983e+06,9.6338e+06,1.1946e+07,1.2618e+07,1.1624e+07,8.8253e+06,2.7282e+06,1.5309e+05,18108,3605.1,97304,9.5203e+05
5.6672e+06,9.5809e+06,1.0598e+07,1.147e+07,1.0958e+07,8.5431e+06,3.6582e+06,1.4501e+05,25262,5613.4,2727.9,1.8162e+06
6.2511e+06,1.0189e+07,1.162e+07,1.2325e+07,1.1322e+07,9.4722e+06,5.6633e+06,1.1178e+06,2.7906e+05,1.2982e+05,4.149e+05,1.2184e+06
4.0063e+06,1.0352e+07,1.1783e+07,1.2011e+07,1.1401e+07,9.3835e+06,4.2482e+06,5.3633e+05,1.0866e+05,37660,3.912e+05,2.4315e+06
6.8495e+06,9.4911e+06,1.1003e+07,1.2224e+07,1.1387e+07,9.6451e+06,5.477e+06,1.1055e+06,3.4578e+05,2.66e+05,1.1104e+06,2.2263e+06
6.2746e+06,1.0502e+07,1.198e+07,1.2214e+07,1.1214e+07,9.1495e+06,4.9281e+06,8.0717e+05,1.7568e+05,59449,2.3076e+05,8.8551e+05
5.0391e+06,1.0478e+07,1.2223e+07,1.2103e+07,1.1225e+07,9.1616e+06,3.7833e+06,3.3488e+05,44299,11115,5.8835e+05,2.4518e+06
7.7e+06,1.0724e+07,1.2147e+07,1.2677e+07,1.1728e+07,9.4619e+06,3.5493e+06,5.0453e+05,89090,32263,6.3243e+05,1.651e+06
7.4716e+06,1.043e+07,1.2035e+07,1.27e+07,1.1709e+07,9.7873e+06,3.4429e+06,5.3047e+05,74715,21825,4.1178e+05,1.0743e+06
5.4219e+06,1.0238e+07,1.2201e+07,1.3151e+07,1.1923e+07,9.4742e+06,4.0507e+06,4.4411e+05,58170,15563,74369,1.2792e+06
6.1167e+06,1.0199e+07,1.2404e+07,1.2657e+07,1.1821e+07,9.4753e+06,5.2512e+06,1.1239e+06,1.1995e+05,32224,4.6122e+05,2.53e+06
7.4719e+06,1.0462e+07,1.2256e+07,1.2474e+07,1.1349e+07,9.563e+06,4.1156e+06,3.7119e+05,45332,11316,3.9447e+05,1.4244e+06
5.6982e+06,1.059e+07,1.2521e+07,1.2674e+07,1.1865e+07,9.7638e+06,5.0442e+06,9.2724e+05,2.0307e+05,1.0129e+05,1.0099e+06,3.8624e+06
8.999e+06,1.1026e+07,1.2634e+07,1.2563e+07,1.1489e+07,9.6708e+06,3.8661e+06,8.7929e+05,1.9688e+05,77124,5.1001e+05,2.3939e+06
7.9854e+06,1.0839e+07,1.2208e+07,1.2665e+07,1.1521e+07,9.7544e+06,4.4683e+06,5.6088e+05,75449,18517,4.6218e+05,1.5336e+06
6.586e+06,1.0641e+07,1.197e+07,1.277e+07,1.1764e+07,9.4434e+06,5.8347e+06,1.4186e+06,1.9874e+05,84630,8.9166e+05,2.3768e+06
8.6653e+06,1.0782e+07,1.1962e+07,1.2388e+07,1.1667e+07,9.8234e+06,5.662e+06,1.2577e+06,3.5696e+05,1.8507e+05,8.5197e+05,2.0609e+06
7.276e+06,9.8688e+06,1.1933e+07,1.2398e+07,1.1539e+07,8.816e+06,4.7826e+06,4.5456e+05,91432,55129,7.3612e+05,3.1637e+06
8.4707e+06,1.0725e+07,1.203e+07,1.2335e+07,1.1413e+07,9.2655e+06,4.2624e+06,6.272e+05,81594,19842,9763,8.661e+05
4.3163e+06,1.0187e+07,1.1833e+07,1.2673e+07,1.191e+07,9.866e+06,5.7625e+06,1.0205e+06,2.1697e+05,93663,8.0196e+05,3.6333e+06
8.4032e+06,1.1505e+07,1.3111e+07,1.2979e+07,1.1925e+07,9.4864e+06,5.9607e+06,1.7156e+06,4.3689e+05,2.5751e+05,1.7819e+06,5.3302e+06
8.0939e+06,1.0855e+07,1.2504e+07,1.2718e+07,1.1597e+07,8.2378e+06,2.3259e+06,1.5252e+05,20327,5002.1,1.7078e+05,1.0045e+06
5.4276e+06,9.0501e+06,1.1524e+07,1.1979e+07,1.1331e+07,9.5957e+06,3.6051e+06,3.3097e+05,33703,10707,5.1634e+05,1.3343e+06
4.4747e+06,9.8212e+06,1.2184e+07,1.2894e+07,1.2048e+07,1.0322e+07,5.3203e+06,8.4275e+05,2.0004e+05,89349,9.165e+05,2.5952e+06
5.4031e+06,9.3962e+06,1.2161e+07,1.2348e+07,1.153e+07,9.3352e+06,5.252e+06,7.825e+05,2.0701e+05,1.0249e+05,7.1764e+05,2.1662e+06
6.3341e+06,9.9522e+06,1.1943e+07,1.2534e+07,1.1741e+07,9.8324e+06,4.6358e+06,5.5456e+05,1.1478e+05,31176,41716,6.119e+05
5.04e+06,9.988e+06,1.1786e+07,1.2306e+07,1.1312e+07,9.1354e+06,4.7765e+06,7.6842e+05,86952,41858,5.4077e+05,4.168e+06
7.7393e+06,1.0423e+07,1.2147e+07,1.2109e+07,1.1277e+07,9.0514e+06,5.7552e+06,1.3446e+06,4.7418e+05,5.6384e+05,1.0923e+06,2.1874e+06
6.2966e+06,1.0354e+07,1.2019e+07,1.2423e+07,1.1539e+07,9.8424e+06,5.6949e+06,1.0375e+06,2.2805e+05,1.7371e+05,1.0347e+06,3.244e+06
8.524e+06,1.0751e+07,1.2534e+07,1.2827e+07,1.1836e+07,9.7643e+06,6.1448e+06,1.3731e+06,2.4287e+05,2.4038e+05,1.5779e+06,5.2792e+06
8.3219e+06,1.0951e+07,1.2542e+07,1.2505e+07,1.1872e+07,1.0088e+07,5.8955e+06,1.4023e+06,3.0947e+05,1.5306e+05,8.8814e+05,2.8066e+06
9.0084e+06,1.0891e+07,1.2254e+07,1.2302e+07,1.1543e+07,1.0003e+07,6.4315e+06,1.805e+06,3.3495e+05,1.8013e+05,2.0486e+06,4.2601e+06
8.1995e+06,1.0137e+07,1.1702e+07,1.2629e+07,1.182e+07,1.0048e+07,5.4326e+06,8.3242e+05,2.0387e+05,1.29e+05,1.1314e+06,4.033e+06
9.451e+06,1.1466e+07,1.302e+07,1.3347e+07,1.1848e+07,1.0167e+07,5.5021e+06,1.5526e+06,2.2471e+05,1.0506e+05,8.2629e+05,3.3033e+06
8.2759e+06,1.0856e+07,1.2412e+07,1.2704e+07,1.1727e+07,9.6619e+06,5.6233e+06,1.3242e+06,2.5333e+05,1.0781e+05,8.2013e+05,2.0696e+06
7.2574e+06,1.0309e+07,1.2115e+07,1.3142e+07,1.2275e+07,1.0374e+07,4.8065e+06,9.2943e+05,2.3268e+05,1.1979e+05,6.0229e+05,2.0925e+06
8.053e+06,1.1016e+07,1.2822e+07,1.2651e+07,1.1887e+07,1.0085e+07,5.741e+06,1.3404e+06,4.7183e+05,5.8865e+05,1.3197e+06,4.3237e+06
8.2909e+06,1.1223e+07,1.2874e+07,1.2789e+07,1.2044e+07,1.0262e+07,6.5674e+06,1.7425e+06,5.452e+05,4.2158e+05,1.3555e+06,4.7184e+06
8.9002e+06,1.0875e+07,1.1824e+07,1.25e+07,1.1557e+07,8.6587e+06,2.8911e+06,3.1275e+05,47595,8409.3,1.1631e+05,6.8719e+05
3.3924e+06,9.9493e+06,1.1949e+07,1.2926e+07,1.212e+07,1.0319e+07,6.2224e+06,1.0458e+06,2.7896e+05,2.0128e+05,9.9153e+05,4.038e+06
9.1914e+06,1.1614e+07,1.2973e+07,1.2977e+07,1.2232e+07,1.0635e+07,6.2773e+06,1.2791e+06,3.5551e+05,1.9294e+05,1.3503e+06,4.3988e+06
8.4288e+06,1.0968e+07,1.2949e+07,1.309e+07,1.1911e+07,9.7323e+06,5.0238e+06,1.0654e+06,1.7819e+05,1.1091e+05,1.0448e+06,4.475e+06
7.6947e+06,1.1189e+07,1.2489e+07,1.3279e+07,1.2054e+07,1.0095e+07,5.0909e+06,9.2855e+05,2.258e+05,1.0365e+05,7.0211e+05,1.7526e+06
6.2126e+06,1.1012e+07,1.2737e+07,1.3075e+07,1.1996e+07,9.6735e+06,4.0733e+06,4.1802e+05,79748,26940,3.5523e+05,2.0695e+06
7.1709e+06,1.128e+07,1.283e+07,1.2843e+07,1.1766e+07,9.8025e+06,4.6205e+06,8.305e+05,1.833e+05,77408,4.5574e+05,1.3879e+06
6.0637e+06,9.303e+06,1.1772e+07,1.2636e+07,1.1422e+07,8.9493e+06,4.1281e+06,5.153e+05,1.0866e+05,44307,4.5789e+05,1.5878e+06
3.1805e+06,8.4359e+06,1.1449e+07,1.204e+07,1.125e+07,8.7675e+06,4.2103e+06,5.5131e+05,40907,11853,17886,3.228e+06
7.0812e+06,9.3979e+06,1.1541e+07,1.2455e+07,1.128e+07,9.4336e+06,5.1694e+06,1.5096e+06,2.2578e+05,65207,7.2798e+05,2.1895e+06
8.0587e+06,1.112e+07,1.2131e+07,1.2524e+07,1.1767e+07,1.0067e+07,6.2701e+06,1.7861e+06,4.7979e+05,4.1029e+05,1.2054e+06,2.9954e+06
8.529e+06,1.0697e+07,1.244e+07,1.2583e+07,1.1729e+07,1.0137e+07,5.2913e+06,7.5374e+05,2.0973e+05,1.2774e+05,6.2844e+05,1.8441e+06
8.4382e+06,1.0974e+07,1.26e+07,1.3109e+07,1.1899e+07,9.626e+06,4.8131e+06,1.2304e+06,2.08e+05,64895,6.4236e+05,2.8668e+06
8.4966e+06,1.1339e+07,1.2733e+07,1.3313e+07,1.1938e+07,9.3453e+06,4.1186e+06,5.7988e+05,68813,20213,2.417e+05,7.4324e+05
4.9421e+06,1.0485e+07,1.2322e+07,1.2485e+07,1.1725e+07,9.5794e+06,6.0831e+06,1.5042e+06,1.9492e+05,1.1563e+05,8.6897e+05,4.2679e+06
7.5441e+06,1.1284e+07,1.282e+07,1.2739e+07,1.1464e+07,9.0323e+06,4.7537e+06,6.9395e+05,1.0037e+05,61009,7.3449e+05,3.8512e+06
7.6967e+06,1.1156e+07,1.256e+07,1.2391e+07,1.1373e+07,9.2224e+06,6.1636e+06,1.6318e+06,3.1686e+05,3.0373e+05,1.2647e+06,5.5754e+06
9.3617e+06,1.1405e+07,1.2252e+07,1.296e+07,1.1689e+07,9.8359e+06,5.4534e+06,1.44e+06,4.9483e+05,3.6341e+05,1.238e+06,4.0717e+06
9.2356e+06,1.0999e+07,1.292e+07,1.3102e+07,1.1725e+07,1.0035e+07,3.9426e+06,6.8648e+05,1.8549e+05,87265,7.909e+05,2.534e+06
8.3e+06,1.1437e+07,1.2741e+07,1.2977e+07,1.1879e+07,1.0298e+07,6.3059e+06,1.832e+06,5.7089e+05,5.2375e+05,1.1349e+06,3.6151e+06
9.0234e+06,1.1442e+07,1.2774e+07,1.317e+07,1.2088e+07,1.0325e+07,5.7017e+06,1.3321e+06,2.4852e+05,2.5162e+05,1.0317e+06,2.264e+06
6.4686e+06,1.0203e+07,1.178e+07,1.254e+07,1.1639e+07,8.63e+06,2.7199e+06,4.2182e+05,63700,24749,3.3423e+05,1.1127e+06
5.8958e+06,1.0733e+07,1.2317e+07,1.2963e+07,1.1922e+07,9.8278e+06,4.42e+06,5.5369e+05,89944,25371,4.5183e+05,1.6766e+06
7.3478e+06,1.0471e+07,1.2155e+07,1.2803e+07,1.1758e+07,1.0121e+07,5.8542e+06,1.1375e+06,1.8356e+05,1.5617e+05,1.241e+06,5.5265e+06
9.4505e+06,1.1263e+07,1.2425e+07,1.2593e+07,1.1741e+07,9.7765e+06,4.9088e+06,9.8658e+05,1.0944e+05,37575,9.6365e+05,3.9946e+06
8.6559e+06,1.0895e+07,1.2486e+07,1.2426e+07,1.19e+07,9.5748e+06,6.1822e+06,1.5949e+06,1.9924e+05,1.6981e+05,1.3213e+06,5.3309e+06
9.2025e+06,1.0744e+07,1.2416e+07,1.2575e+07,1.1934e+07,1.0293e+07,6.4299e+06,1.8133e+06,5.8526e+05,5.9706e+05,1.239e+06,3.9212e+06
8.9237e+06,1.1766e+07,1.2976e+07,1.2962e+07,1.1998e+07,1.0596e+07,6.578e+06,1.4197e+06,5.0315e+05,4.1975e+05,1.5538e+06,4.5902e+06
9.5421e+06,1.188e+07,1.2904e+07,1.3203e+07,1.2116e+07,1.0013e+07,5.2565e+06,1.6927e+06,3.7837e+05,2.3207e+05,1.1947e+06,5.4076e+06
9.6114e+06,1.1553e+07,1.2721e+07,1.3036e+07,1.2101e+07,1.0261e+07,6.0111e+06,1.4721e+06,3.9578e+05,3.3977e+05,1.2042e+06,4.4549e+06
9.1447e+06,1.1167e+07,1.2943e+07,1.3486e+07,1.2165e+07,9.9676e+06,5.8475e+06,1.6784e+06,3.6212e+05,1.142e+05,8.9415e+05,4.334e+06
9.6182e+06,1.1649e+07,1.2988e+07,1.3572e+07,1.2425e+07,1.0668e+07,6.0711e+06,1.5504e+06,2.5175e+05,90265,9.7696e+05,4.903e+06
9.7478e+06,1.1318e+07,1.266e+07,1.3343e+07,1.2106e+07,1.0522e+07,6.6138e+06,1.9705e+06,4.7521e+05,4.9881e+05,2.2761e+06,5.6496e+06
8.3055e+06,1.1104e+07,1.2607e+07,1.3187e+07,1.2425e+07,1.0584e+07,5.9037e+06,1.3073e+06,2.7856e+05,1.724e+05,1.0343e+06,3.7621e+06
9.542e+06,1.1458e+07,1.2778e+07,1.3346e+07,1.2263e+07,1.0485e+07,6.2999e+06,1.9325e+06,4.1591e+05,2.6927e+05,1.8201e+06,5.5349e+06
