31.43,38.151,34.143,36.086,30.935,34.19,31.659,33.693,37.445,28.772,34.135,32.801
35.606,37.079,39.661,40.685,41.008,38.015,31.268,32.275,32.444,32.61,32.021,34.259
34.468,37.955,43.174,41.679,41.216,41.218,31.718,33.991,32.413,34.281,38.107,38.382
40.213,43.407,44.778,41.48,40.552,42.456,38.636,34.177,33.48,37.815,35.982,33.339
41.799,44.896,44.81,45.487,44.093,42.965,38.391,37.222,36.352,39.774,39.305,41.785
41.391,45.272,48.574,47.511,44.305,43.711,38.883,37.458,38.278,40.864,39.215,43.463
40.305,44.74,46.025,46.439,42.085,45.545,37.367,38.35,41.292,41.214,43.916,39.221
35.385,38.914,39.43,38.057,42.451,47.356,45.625,39.88,39.351,39.256,43.869,40.081
44.358,40.43,43.16,40.812,45.064,42.983,46.154,42.056,39.909,42.111,40.405,39.357
38.12,39.267,40.007,39.441,45.709,55.782,45.287,47.14,43.35,41.664,41.664,43.397
45.188,41.718,43.926,44.375,47.592,51.816,49.229,45.404,44.6,41.533,44.365,39.551
35.447,36.603,40.97,45.265,46.914,46.549,45.429,45.945,46.082,42.783,43.526,45.889
37.717,33.771,41.316,42.564,45.303,50.303,45.319,46.352,46.791,41.882,46.073,42.113
33.8,33.664,40.652,41.591,45.595,45.181,41.617,41.986,45.442,42.714,46.127,44.512
41.17,42.051,39.398,43.6,45.403,44.475,43.483,41.729,43.296,45.153,43.632,44.851
38.572,36.835,42.469,43.237,49.138,47.332,44.254,41.862,42.202,41.391,41.723,41.343
39.243,38.25,43.514,44.129,46.55,50.792,47.022,41.734,41.48,41.764,43.346,35.666
39.077,43.504,42.254,44.003,48.501,46.438,47.147,42.239,41.884,37.762,41.155,43.808
40.254,41.364,41.156,38.891,43.946,39.436,46.521,41.999,37.906,39.112,41.836,39.832
37.263,38.042,39.474,41.729,41.948,45.292,43.301,39.163,37.547,38.454,42.003,39.971
38.397,38.283,39.853,40.548,42.932,45.903,47.345,40.637,38.251,37.139,38.877,41.182
35.849,32.968,38.758,40.49,44.382,44.428,45.429,39.761,38.581,38.435,38.63,39.979
36.621,35.67,39.96,42.071,47.036,42.979,42.424,36.758,37.813,36.216,39.06,38.08
39.047,37.79,38.567,40.348,44.642,39.977,43.443,39.133,39.273,38.827,37.461,38.177
35.529,35.003,37.036,41.14,41.03,43.58,40.707,40.718,36.478,35.266,37.484,40.245
40.337,36.71,36.578,38.646,39.412,45.701,43.618,37.096,34.667,37.508,40.862,37.299
37.724,39.338,39.399,36.045,40.875,44.481,41.175,39.932,34.934,37.427,37.3,36.859
38.806,38.719,38.493,40.812,41.804,44.996,43.788,39.72,32.945,36.613,37.194,34.96
37.46,40.134,39.008,40.741,41.694,44.626,39.091,36.784,37.207,37.124,36.647,36.406
35.487,44.046,45.255,43.121,45.308,41.525,41.052,38.093,37.666,35.188,36.5,41.532
32.695,36.025,39.847,42.19,46.101,42.682,39.576,35.86,35.474,37.456,37.064,40.626
36.374,40.634,43.275,40.147,42.164,39.711,38.916,36.044,35.55,36.847,38.661,38.96
33.783,37.009,43.743,42.876,42.493,45.98,39.409,36.678,37.171,39.067,37.942,37.34
38.663,40.583,40.076,41.576,41.517,44.21,39.948,36.993,37.328,36.442,38.137,40.043
39.25,39.112,42.891,40.907,46.327,45.444,37.006,36.093,37.603,36.582,37.67,38.626
38.515,39.115,44.052,38.805,43.305,42.018,40.566,37.159,35.326,36.766,38.212,41.613
39.444,42.259,41.83,42.392,42.775,46.984,41.942,35.42,33.269,37.219,40.734,39.784
33.446,40.483,41.583,38.844,39.681,42.881,39.27,36.171,34.908,37.085,40.409,37.633
39.294,37.139,41.897,44.874,41.75,43.189,40.545,35.694,36.485,35.489,38.297,38.632
36.368,40.32,41.463,45.055,41.33,42.103,37.995,35.59,34.282,37.129,37.68,34.56
34.692,39.003,40.461,42.546,43.418,46.648,37.842,38.009,38.095,34.72,37.723,35.563
36.127,36.188,39.428,41.955,41.52,45.73,44.51,36.095,36.118,38.044,39.213,37.673
37.256,39.501,40.329,40.704,43.697,43.71,36.653,36.088,36.353,38.332,37.03,39.649
36.903,39.474,40.145,40.355,41.866,45.123,42.185,36.432,35.623,37.366,36.477,39.694
35.217,36.424,38.18,38.926,43.621,44.373,39.087,35.134,32.996,35.327,35.881,41.306
36.188,35.698,39.852,40.823,42.625,43.214,38.615,33.833,33.325,36.785,38.762,40.205
42.167,42.131,42.964,40.58,43.962,43.144,35.79,35.475,31.839,36.875,38.791,38.246
31.201,30.642,41.117,43.213,44.037,42.669,40.061,35.865,36.081,33.634,37.965,37.578
36.046,36.849,38.807,39.591,43.8,44.626,38.399,36.404,32.877,36.342,36.945,35.821
37.471,35.591,41.128,43.648,40.589,43.104,40.641,34.522,32.554,34.39,38.084,39.622
36.066,38.751,38.697,38.547,42.989,42.171,39.538,38.954,33.05,33.956,39.587,39.299
34.697,38.3,40.395,41.622,40.905,42.866,40.335,35.457,36.569,35.582,39.018,35.864
33.443,34.458,39.218,40.687,42.552,43.706,42.833,37.278,31.966,37.72,38.199,38.385
37.391,33.288,37.424,39.321,41.52,41.757,38.97,37.137,36.479,38.961,39.527,39.6
33.825,38.4,38.551,40.503,40.755,41.863,40.147,37.93,36.536,39.071,40.386,37.154
32.594,36.918,37.651,40.111,40.453,44.467,41.276,36.817,33.773,35.595,37.347,36.006
32.372,38.463,38.434,39.4,41.774,46.249,40.271,36.974,35.449,38.063,41.081,40.777
33.2,39.43,38.504,43.112,37.973,41.843,43.03,34.958,36.63,36.741,40.357,38.816
35.481,35.328,38.734,41.769,41.817,43.615,41.303,34.997,37.202,36.365,37.753,39.078
35.708,35.315,36.801,41.368,39.589,45.55,38.02,33.175,32.075,35.148,40.883,38.718
36.688,35.036,40.216,41.615,39.591,43.916,42.222,36.454,32.57,37.439,37.909,37.375
40.137,33.683,44.093,41.24,41.711,43.422,41.062,36.491,34.648,35.197,36.015,39.081
35.739,39.359,41.07,39.954,40.252,43.593,43.016,34.536,34.391,35.654,38.462,39.645
39.129,34.109,37.177,38.856,41.395,42.719,39.957,34.313,32.126,35.424,37.37,38.764
36.719,39.885,37.977,42.006,41.751,45.928,40.556,34.691,34.39,36.518,37.22,40.799
37.015,31.949,39.671,40.597,42.777,41.698,39.072,34.385,33.653,36.474,38.396,36.392
35.185,32.301,38.916,41.364,42.934,45.214,41.473,34.68,30.695,34.938,37.851,37.795
36.946,39.658,39.148,40.062,42.792,43.338,39.076,35.167,34.328,36.319,38.526,39.754
36.59,40.536,39.993,42.563,43.6,42.647,41.079,32.833,32.361,34.817,38.245,37.647
32.247,34.343,37.657,41.343,41.112,44.464,42.792,34.854,33.984,35.269,39.774,36.898
35.301,35.654,37.817,39.83,43.213,43.673,42.627,35.292,33.45,35.132,35.884,39.132
35.652,37.177,38.303,43.898,42.213,42.179,39.216,31.956,31.36,34.907,38.956,39.624
34.271,40.771,40.062,37.059,39.84,42.811,40.025,33.214,34.472,34.14,37.865,39.623
36.122,36.547,38.491,43.093,41.591,44.775,43.457,35.034,33.163,34.893,37.032,38.285
41.338,38.757,39.31,43.258,40.538,42.771,40.505,35.108,32.133,34.35,38.437,36.686
36.371,39.92,37.101,38.818,41.915,42.528,39.891,33.478,34.643,35.197,34.506,37.222
36.051,38.737,38.114,39.061,41.083,43.113,40.242,36.164,31.84,34.115,35.594,39.204
37.427,38.955,40.35,41.122,41.912,41.541,42.265,34.754,33.004,35.862,38.661,34.436
35.976,38.82,40.189,40.81,42.284,43.507,41.607,34.816,34.548,32.609,39.153,39.95
