0.0017622,0.0013785,0.0015662,0.0020662,0.0036949,0.0053891,0.0063159,0.0061812,0.0049506,0.0037636,0.0025438,0.0018223
0.0013374,0.0011844,0.0012184,0.0016506,0.0028444,0.0044408,0.00565,0.0055012,0.0044095,0.0028877,0.0019679,0.0013231
0.0010229,0.00090378,0.00090041,0.0015188,0.0026353,0.0040507,0.0051948,0.0048401,0.0039058,0.0024534,0.0013945,0.00092472
0.00070852,0.00058281,0.00071389,0.0014065,0.0024822,0.0037214,0.004646,0.0046425,0.0036501,0.0020885,0.0012271,0.00094698
0.00056815,0.00054571,0.00067558,0.0012365,0.0024408,0.0035971,0.00452,0.0043236,0.0031783,0.0018614,0.0010804,0.00061444
0.00051628,0.00042566,0.00051834,0.0010113,0.0020868,0.0033585,0.0042683,0.003955,0.002804,0.0015495,0.00087355,0.00052146
0.0004771,0.00039127,0.0005575,0.00096529,0.0021176,0.0033189,0.0042745,0.0040833,0.0029256,0.0015967,0.00080328,0.00058446
0.00058257,0.00057957,0.00077938,0.0016038,0.0027007,0.0040741,0.0045624,0.0044247,0.003457,0.0021417,0.0010043,0.00067622
0.00041026,0.00056955,0.000754,0.0014681,0.00272,0.0042573,0.0049782,0.0048692,0.0037258,0.0024002,0.0012844,0.00088574
0.00081737,0.00070045,0.00098817,0.00168,0.0028166,0.0038956,0.004853,0.0046838,0.0037643,0.0025729,0.0013941,0.00079735
0.00054735,0.00056813,0.00084325,0.0016585,0.0028064,0.0042021,0.0051465,0.0051687,0.0040614,0.0027646,0.0016606,0.001395
0.0012356,0.0012106,0.0014838,0.0018905,0.0029727,0.0045525,0.0058523,0.0057452,0.0044267,0.0029854,0.0019013,0.0012605
0.0014354,0.0018099,0.0016035,0.0022351,0.0032807,0.0047676,0.0060217,0.0060708,0.0047405,0.0032515,0.0019467,0.0015197
0.0017205,0.0018057,0.0016906,0.0022859,0.0033322,0.0048314,0.0060925,0.0060382,0.0047116,0.0031939,0.0019712,0.0014256
0.0013943,0.0014451,0.0017201,0.0022507,0.0033128,0.0048622,0.0062657,0.0061922,0.0047352,0.0030863,0.0019654,0.0014408
0.0015874,0.0016048,0.0016967,0.0022635,0.0032369,0.0049683,0.0063353,0.0064248,0.0048894,0.0033322,0.002208,0.0016837
0.0015966,0.0016452,0.0017743,0.0023244,0.0034471,0.0049573,0.0064028,0.0067185,0.005229,0.0034853,0.0023019,0.0019878
0.001719,0.0014356,0.0016677,0.0022585,0.0033327,0.0051277,0.0065685,0.0065792,0.0050238,0.0035785,0.0023805,0.0016482
0.0014832,0.0013675,0.0016037,0.0025173,0.0035021,0.0050331,0.0062489,0.006473,0.0053238,0.0035523,0.0023341,0.0016839
0.001613,0.0015596,0.0016132,0.0020451,0.0034353,0.005052,0.0062452,0.0063552,0.0049487,0.0033554,0.0022012,0.0016028
0.0014146,0.0014368,0.0015331,0.0022138,0.0035185,0.0048211,0.0058609,0.0060412,0.0049312,0.0033578,0.0021794,0.0015435
0.0015407,0.0017154,0.0016108,0.0020644,0.0031987,0.0048936,0.005786,0.0057658,0.0046517,0.0031603,0.0020006,0.0014638
0.0013799,0.00142,0.0013315,0.0019212,0.0030115,0.0047324,0.0058919,0.0060902,0.0048205,0.003185,0.0019658,0.0015521
0.0012394,0.0012877,0.0015085,0.0020474,0.0030568,0.0048094,0.0057689,0.0059242,0.004627,0.0030116,0.0019195,0.0013464
0.0013206,0.0011562,0.0013446,0.0018004,0.0029548,0.0045628,0.0056242,0.0054907,0.0043055,0.0029123,0.0018045,0.0012168
0.001131,0.0010667,0.0013655,0.0019284,0.003235,0.0044724,0.0054835,0.0054925,0.0044357,0.0028205,0.0016065,0.0012478
0.0010336,0.0009524,0.0011632,0.0019027,0.0031055,0.0043876,0.00544,0.005476,0.0042629,0.0027755,0.0017439,0.0012031
0.00095084,0.00093986,0.0011868,0.0017069,0.0027315,0.0041565,0.0051851,0.0053888,0.0042219,0.0026716,0.0015842,0.0012985
0.0010202,0.00086901,0.0011278,0.0016663,0.0025668,0.0042355,0.0054544,0.0053856,0.004114,0.0025861,0.001713,0.0012194
0.0011584,0.000742,0.00089185,0.0014946,0.0025926,0.0041925,0.0051439,0.0051052,0.0038404,0.0024917,0.0016833,0.000951
0.0011698,0.00099359,0.0010792,0.0014924,0.0024828,0.0041244,0.0051803,0.0051434,0.0040005,0.0024561,0.0015733,0.0010003
0.0010483,0.00079242,0.00096039,0.0014638,0.0025958,0.0041916,0.0051936,0.0051055,0.003954,0.0024813,0.0014146,0.00098263
0.0010632,0.00088916,0.00085572,0.0014778,0.0025266,0.0040632,0.0050964,0.0050643,0.0038515,0.0023154,0.001413,0.001092
0.000861,0.00078585,0.0010442,0.0015627,0.0026488,0.0039358,0.0049865,0.0049333,0.0037465,0.0023046,0.0014262,0.00091755
0.0008014,0.0008398,0.00089978,0.0014622,0.0022585,0.0038542,0.0050932,0.0049464,0.003688,0.0022474,0.0013343,0.00091892
0.00079159,0.00071887,0.0008255,0.0014742,0.0022858,0.0039795,0.0048052,0.0047653,0.0037167,0.0022413,0.0012966,0.00078614
0.00068084,0.00065446,0.00083574,0.001315,0.0022568,0.0034995,0.0046618,0.0046821,0.00364,0.002107,0.0011693,0.00077604
0.00088363,0.00063781,0.00080061,0.0014478,0.002681,0.0039851,0.0049401,0.0048034,0.0036198,0.0022411,0.0011543,0.00085854
0.000627,0.00070021,0.0007934,0.0011163,0.0022809,0.0037467,0.0046437,0.0046354,0.003365,0.0020931,0.0011915,0.00075777
0.0007219,0.00055662,0.00080772,0.0012548,0.0023797,0.0037792,0.0047244,0.0047168,0.0036166,0.0021768,0.0012902,0.00091375
0.00083777,0.00064248,0.00079085,0.001381,0.0023755,0.0035173,0.0047479,0.0045243,0.0034234,0.0022011,0.0012933,0.0009886
0.00082693,0.00085164,0.00091632,0.0013391,0.002365,0.0035524,0.0045698,0.0045479,0.003522,0.0021089,0.0012081,0.00089648
0.00081077,0.00068182,0.00090591,0.0014163,0.0022624,0.003954,0.0049655,0.0048439,0.003641,0.0021666,0.0013035,0.00085045
0.00079726,0.00077668,0.00098159,0.0014705,0.0024935,0.0036033,0.0046183,0.0047508,0.0036686,0.002225,0.0013958,0.00086365
0.00087741,0.00083201,0.00089518,0.0015114,0.002253,0.0036075,0.0046999,0.0048597,0.003658,0.0022726,0.0013798,0.0008407
0.0008733,0.00088853,0.00090331,0.0013798,0.0023526,0.0036503,0.0046592,0.0047938,0.0037298,0.0022431,0.0012759,0.00083143
0.00066062,0.0007157,0.00079,0.0013115,0.0022393,0.0036661,0.0047405,0.004638,0.0036824,0.0021936,0.0012041,0.00085496
0.00094057,0.0010524,0.00080071,0.0012771,0.0022266,0.0037928,0.004584,0.0044981,0.0034696,0.0023008,0.001267,0.00089887
0.00081558,0.00076383,0.00099897,0.0014588,0.0022654,0.0038488,0.0047787,0.0048708,0.0037565,0.002283,0.0013837,0.0010547
0.00082986,0.00086598,0.00090251,0.001306,0.002374,0.0037695,0.0047362,0.0048417,0.0038254,0.0023812,0.0013566,0.00093124
0.00086177,0.00077292,0.00091713,0.0014958,0.0023019,0.0037536,0.0046372,0.0044905,0.0037817,0.0023526,0.0012806,0.00092111
0.00087016,0.00074298,0.00092684,0.0014952,0.0025911,0.0038498,0.0047231,0.0048453,0.0036978,0.0023384,0.0013322,0.0010466
0.00091637,0.00091656,0.00096033,0.0014855,0.0024363,0.0038524,0.0046374,0.0048022,0.0038596,0.0023628,0.001439,0.0010195
0.00089722,0.00098026,0.00099111,0.0015012,0.0026012,0.0040669,0.0048713,0.0048892,0.0037127,0.0022249,0.0013773,0.00095601
0.00097771,0.00078846,0.00093168,0.0015248,0.0026225,0.0038569,0.0048309,0.0048126,0.0036667,0.0022062,0.0013087,0.0010307
0.0010399,0.00093828,0.0010987,0.001553,0.0026951,0.0038666,0.0048616,0.0048718,0.0037647,0.002431,0.0014353,0.0011037
0.0011283,0.00087062,0.0010535,0.001609,0.0024742,0.0038427,0.0049353,0.0051008,0.0038533,0.0023221,0.001325,0.00089347
0.0010754,0.0008022,0.00099363,0.0013894,0.0027039,0.0040139,0.0047603,0.0050678,0.0038304,0.0023039,0.0013581,0.001012
0.00093935,0.00092801,0.0010147,0.0013773,0.0023614,0.0039508,0.0047486,0.0048481,0.0035703,0.0023213,0.001465,0.00096446
0.00091239,0.00096058,0.001052,0.0014171,0.0024386,0.0037507,0.0047733,0.0050705,0.003882,0.0024045,0.001332,0.0010068
0.00092509,0.00095326,0.00095166,0.0014514,0.0026335,0.0039023,0.0047577,0.0049544,0.003878,0.0023439,0.0014114,0.00098856
0.0007938,0.0010338,0.00084674,0.0014082,0.0024258,0.0039923,0.0047943,0.0049013,0.0037061,0.0023922,0.0015483,0.00097989
0.00092232,0.00079939,0.0009042,0.0015406,0.002715,0.0039005,0.0047775,0.0048593,0.00375,0.0023864,0.0014035,0.00096454
0.00075337,0.00093756,0.00099584,0.0015206,0.0025297,0.0037528,0.0047122,0.0049541,0.0038483,0.0023649,0.0014302,0.00098144
0.00090655,0.00069428,0.00098794,0.0013506,0.0023009,0.0035577,0.0045751,0.0048239,0.0036284,0.0021611,0.0013594,0.00084261
0.00076377,0.0010823,0.00087284,0.0014,0.002243,0.0036439,0.0045562,0.0046491,0.0035551,0.002144,0.0012742,0.00092614
0.00082561,0.00096712,0.00092672,0.0014184,0.0023462,0.003741,0.0045932,0.0046193,0.0036628,0.0022443,0.0013333,0.00093729
0.00080922,0.00077961,0.00092336,0.0014673,0.0024502,0.0037881,0.004807,0.0046903,0.003635,0.0021525,0.0012555,0.00084336
0.00082796,0.00068468,0.00093394,0.0013237,0.0020742,0.0036075,0.0045266,0.0048146,0.0036098,0.0021677,0.0011824,0.00091696
0.00098952,0.00090266,0.00097817,0.001366,0.0022839,0.0035957,0.00446,0.0045658,0.00356,0.002184,0.0011761,0.00093511
0.00083533,0.00081927,0.00091392,0.0013625,0.0021357,0.0036392,0.004565,0.0045062,0.0034833,0.0021577,0.0013812,0.00083578
0.00081147,0.0007608,0.00086754,0.0012244,0.002192,0.0036374,0.0047146,0.0046554,0.003588,0.0022181,0.0012349,0.00086206
0.00092101,0.00074288,0.00089803,0.0014337,0.0025193,0.0038613,0.0046063,0.0048004,0.0034646,0.00219,0.0012515,0.00084225
0.00082274,0.00085168,0.00095352,0.0013144,0.0024459,0.0036374,0.0044869,0.0046375,0.0035126,0.0020823,0.0012308,0.00088498
0.00065282,0.00076643,0.00090869,0.0012902,0.0022946,0.0036536,0.0045838,0.0046353,0.0034965,0.0021092,0.0012394,0.0010096
0.00081264,0.00070674,0.0010424,0.0013886,0.0022156,0.003661,0.0045122,0.0046085,0.0034677,0.0020675,0.001346,0.00095336
0.0007976,0.0008276,0.0010066,0.0013945,0.0023993,0.0036675,0.0045224,0.0044904,0.0036145,0.0022614,0.0013765,0.00088328
0.0008205,0.00081472,0.00097559,0.0013593,0.0023489,0.0038463,0.0045013,0.0044941,0.0034969,0.0021113,0.0012191,0.001038
0.00089014,0.00074842,0.00089581,0.0013507,0.0022418,0.0037214,0.0045048,0.004444,0.0033679,0.0022253,0.001234,0.00084089
