0.91218,0.87404,0.88252,0.85542,0.79964,0.56733,0.55754,0.54103,0.69029,0.79611,0.85759,0.9038
0.93294,0.89093,0.84825,0.82358,0.7194,0.59233,0.59234,0.63211,0.7202,0.86425,0.82788,0.91849
0.90527,0.93371,0.85049,0.83454,0.74046,0.53743,0.52273,0.58435,0.7358,0.8188,0.90062,0.91746
0.93045,0.92053,0.88373,0.84907,0.73513,0.54977,0.55561,0.56604,0.7221,0.84591,0.84271,0.86879
0.89093,0.90539,0.89601,0.83697,0.78164,0.58779,0.54704,0.54747,0.73473,0.88374,0.85426,0.88482
0.88054,0.91734,0.90783,0.86523,0.71548,0.56376,0.43668,0.45526,0.58817,0.81623,0.83977,0.86897
0.90769,0.93528,0.91533,0.8651,0.78726,0.5188,0.42535,0.44157,0.63996,0.86033,0.83736,0.82998
0.85247,0.90636,0.89626,0.85247,0.71437,0.5427,0.52106,0.45864,0.71836,0.86257,0.8508,0.8547
0.90889,0.9225,0.90148,0.85925,0.68333,0.51897,0.46778,0.47938,0.62111,0.8355,0.82586,0.85283
0.88746,0.92,0.91317,0.85675,0.64927,0.48966,0.46827,0.43949,0.60313,0.73759,0.80104,0.80113
0.85823,0.91339,0.88749,0.85804,0.75217,0.54386,0.46602,0.47895,0.6513,0.84798,0.84582,0.87754
0.90569,0.91581,0.88604,0.84124,0.72858,0.53659,0.46243,0.51699,0.62729,0.85617,0.82241,0.84702
0.88259,0.91433,0.92128,0.84605,0.76428,0.54447,0.47108,0.43163,0.66268,0.84217,0.81656,0.86239
0.87562,0.90766,0.88198,0.87175,0.74616,0.49534,0.46218,0.47777,0.63597,0.82803,0.84379,0.88456
0.84695,0.90867,0.91424,0.82739,0.69966,0.4919,0.44832,0.45053,0.58945,0.77149,0.78859,0.85816
0.90955,0.91089,0.91439,0.85774,0.72166,0.46712,0.43776,0.49512,0.62661,0.79673,0.8248,0.85334
0.83867,0.93475,0.88182,0.85801,0.77939,0.562,0.42482,0.47916,0.6758,0.76186,0.84276,0.85872
0.85814,0.91206,0.91824,0.85195,0.77355,0.57077,0.45075,0.48062,0.69837,0.82369,0.8361,0.85758
0.85625,0.91769,0.91829,0.87869,0.75237,0.53733,0.40064,0.38832,0.6464,0.75815,0.77552,0.83028
0.86799,0.90631,0.88581,0.8503,0.74257,0.55607,0.49369,0.54628,0.63573,0.76819,0.8418,0.87475
0.89313,0.90239,0.87516,0.86691,0.74423,0.48973,0.3885,0.47517,0.61144,0.73002,0.82661,0.8354
0.85119,0.90585,0.88528,0.82957,0.72228,0.55196,0.48162,0.49987,0.62199,0.83364,0.84267,0.81632
0.9103,0.90175,0.91412,0.85266,0.7036,0.53464,0.47493,0.49255,0.63614,0.79393,0.84428,0.87048
0.88386,0.90441,0.89333,0.82224,0.7246,0.50319,0.48145,0.54167,0.66336,0.82529,0.77675,0.89155
0.90415,0.89728,0.89722,0.82853,0.74531,0.47607,0.44529,0.46041,0.62133,0.81508,0.83362,0.81202
0.89254,0.91176,0.90829,0.82704,0.7361,0.4942,0.45439,0.47015,0.61262,0.80774,0.8206,0.86932
0.88733,0.90647,0.91064,0.86232,0.70952,0.50247,0.45725,0.38028,0.61628,0.7894,0.79186,0.86192
0.84857,0.91522,0.89008,0.81392,0.68748,0.52387,0.46242,0.50349,0.66536,0.8186,0.79989,0.81709
0.87435,0.89563,0.9173,0.88894,0.72475,0.55953,0.39946,0.44567,0.67812,0.7957,0.83305,0.82634
0.87591,0.91517,0.91748,0.86809,0.68923,0.4554,0.36639,0.40639,0.58366,0.79954,0.80078,0.81844
0.82451,0.90378,0.88323,0.85024,0.71737,0.51933,0.52922,0.47033,0.65089,0.76433,0.84671,0.85097
0.91998,0.90506,0.88331,0.87952,0.67967,0.52207,0.45076,0.49049,0.66607,0.80259,0.82307,0.82875
0.90685,0.91593,0.9076,0.85991,0.70587,0.50637,0.481,0.49931,0.69568,0.78493,0.86528,0.90144
0.89895,0.91547,0.88776,0.8552,0.6979,0.41045,0.4034,0.37487,0.59118,0.79003,0.8445,0.82647
0.88253,0.90237,0.82806,0.82297,0.64253,0.46521,0.35782,0.32771,0.61913,0.7839,0.80486,0.81402
0.82895,0.84165,0.89114,0.84461,0.69653,0.46008,0.30673,0.33684,0.56079,0.81374,0.82769,0.82843
0.84514,0.81696,0.84368,0.79957,0.63687,0.39636,0.26801,0.20277,0.52083,0.75841,0.75002,0.76944
0.83977,0.81434,0.84823,0.82424,0.63979,0.48572,0.33098,0.31966,0.66089,0.74119,0.80606,0.89089
0.76207,0.83397,0.82894,0.81889,0.65053,0.45463,0.34066,0.2673,0.52673,0.77011,0.84534,0.7887
0.80242,0.85944,0.86022,0.83799,0.66431,0.41979,0.39857,0.28727,0.58106,0.74513,0.75407,0.78946
0.87028,0.88578,0.84496,0.79737,0.64194,0.40195,0.21178,0.26552,0.59759,0.74192,0.83285,0.82111
0.77467,0.88802,0.81189,0.77476,0.55581,0.37908,0.19069,0.22336,0.52755,0.76964,0.75369,0.74409
0.77902,0.78281,0.81826,0.78029,0.59134,0.41602,0.23744,0.25776,0.54699,0.77635,0.81581,0.78733
0.76454,0.78311,0.76716,0.82823,0.60827,0.38478,0.24436,0.23608,0.53488,0.7099,0.80806,0.73737
0.80058,0.84485,0.8044,0.7935,0.63239,0.41151,0.21819,0.24365,0.52169,0.68891,0.79072,0.78803
0.77529,0.81512,0.81468,0.79055,0.6086,0.38984,0.29074,0.2743,0.60328,0.77988,0.82992,0.78218
0.78724,0.83617,0.85123,0.73431,0.64597,0.35911,0.26904,0.29327,0.44075,0.75122,0.80208,0.80981
0.8371,0.83822,0.85962,0.8195,0.60449,0.37287,0.25833,0.27173,0.59116,0.77698,0.82157,0.79792
0.80565,0.88015,0.85823,0.7339,0.53459,0.34949,0.21303,0.23479,0.5522,0.69905,0.79308,0.74649
0.78216,0.74957,0.83546,0.78969,0.62979,0.35998,0.19021,0.19673,0.53106,0.72599,0.73787,0.80131
0.7604,0.82839,0.82237,0.74385,0.53006,0.34216,0.1864,0.22756,0.50978,0.78616,0.76175,0.75084
0.75716,0.85968,0.80263,0.79078,0.61124,0.38408,0.31462,0.26095,0.51547,0.79289,0.77088,0.79269
0.83405,0.77435,0.86464,0.78737,0.61288,0.39765,0.29184,0.28823,0.49854,0.74648,0.78865,0.83718
0.9218,0.83271,0.88207,0.6978,0.54857,0.35257,0.18272,0.17682,0.55031,0.73894,0.74713,0.75254
0.80664,0.7823,0.8225,0.82033,0.64338,0.33499,0.16388,0.17216,0.56272,0.61879,0.76991,0.77035
0.79538,0.78713,0.79079,0.71587,0.58464,0.39813,0.25887,0.2502,0.58102,0.7226,0.77757,0.75922
0.77174,0.80884,0.85053,0.82171,0.59712,0.40405,0.37423,0.34928,0.61423,0.77717,0.83746,0.79399
0.79689,0.86644,0.87394,0.84384,0.6676,0.42591,0.29213,0.20147,0.49839,0.71414,0.81998,0.81734
0.83518,0.81925,0.86788,0.83144,0.57973,0.34905,0.16204,0.21467,0.57211,0.7253,0.80528,0.79194
0.77991,0.80958,0.83696,0.77399,0.59025,0.4401,0.26976,0.29577,0.53726,0.75109,0.75802,0.81563
0.87122,0.81561,0.76898,0.7352,0.58344,0.30945,0.16145,0.21543,0.53267,0.72134,0.75823,0.74975
0.78951,0.83542,0.7742,0.73066,0.63605,0.33911,0.26492,0.2271,0.55131,0.7393,0.75715,0.77294
0.80631,0.83497,0.79629,0.77561,0.61899,0.33771,0.22999,0.20535,0.45728,0.72261,0.82223,0.83889
0.82746,0.86159,0.84976,0.73704,0.49378,0.34257,0.19681,0.17014,0.57946,0.74837,0.80359,0.72891
0.74379,0.80082,0.73365,0.74772,0.63535,0.30107,0.16665,0.16815,0.51618,0.73606,0.6956,0.77069
0.78527,0.83244,0.77123,0.7285,0.5908,0.36112,0.25339,0.25911,0.51491,0.71908,0.74668,0.73423
0.84577,0.82839,0.8524,0.78711,0.51807,0.33136,0.15575,0.14695,0.52591,0.70123,0.73625,0.80479
0.76624,0.88871,0.80627,0.75217,0.40426,0.20963,0.13313,0.20853,0.45826,0.69648,0.76657,0.69489
0.83221,0.79165,0.86123,0.66202,0.47396,0.32947,0.16646,0.17752,0.55457,0.78105,0.70139,0.80046
0.73828,0.8122,0.80523,0.77245,0.55015,0.31848,0.14124,0.21236,0.52403,0.7106,0.76512,0.79735
0.82632,0.80057,0.80703,0.7474,0.50121,0.29489,0.09796,0.18788,0.50024,0.69385,0.73523,0.71409
0.78139,0.86869,0.82026,0.72137,0.5618,0.39521,0.29831,0.24667,0.50386,0.80604,0.7442,0.74573
0.83294,0.84004,0.77918,0.76634,0.58448,0.24428,0.16462,0.18442,0.41513,0.67625,0.73676,0.75505
0.77493,0.79719,0.79565,0.73878,0.53278,0.31949,0.16966,0.15637,0.55446,0.70354,0.72067,0.80952
0.86718,0.77354,0.81812,0.75052,0.56543,0.30326,0.15685,0.22047,0.47569,0.68805,0.7616,0.73666
0.77185,0.80475,0.74922,0.78145,0.58165,0.29867,0.13686,0.18872,0.56552,0.73593,0.74742,0.75938
0.75914,0.80523,0.80904,0.77751,0.61168,0.3589,0.16514,0.22818,0.51595,0.73658,0.76446,0.71917
0.79933,0.76288,0.76824,0.76225,0.58759,0.36607,0.24641,0.24431,0.5128,0.71573,0.80018,0.80456
0.77664,0.83368,0.86456,0.69622,0.5737,0.32284,0.1599,0.20158,0.50592,0.70236,0.68291,0.76828
0.81485,0.82068,0.82279,0.76625,0.59488,0.32873,0.17241,0.1587,0.4827,0.70881,0.72242,0.78315
0.80842,0.78247,0.84313,0.7618,0.59934,0.39589,0.2136,0.241,0.55402,0.73935,0.75609,0.77185
0.81007,0.83629,0.82704,0.7625,0.60546,0.3105,0.16667,0.18654,0.48309,0.74032,0.75686,0.7841
0.83101,0.7563,0.7754,0.76473,0.53051,0.37569,0.16268,0.20194,0.46776,0.70673,0.7965,0.76871
0.80526,0.79377,0.82575,0.70676,0.57778,0.39794,0.17859,0.20369,0.48539,0.71809,0.76487,0.78213
0.81567,0.80865,0.77198,0.7416,0.56047,0.25306,0.17506,0.16328,0.41698,0.76668,0.76955,0.76276
0.78236,0.74973,0.77512,0.8023,0.61604,0.32148,0.22694,0.19435,0.5651,0.73757,0.73671,0.79977
0.83168,0.80781,0.80598,0.71158,0.613,0.38017,0.25323,0.23764,0.50365,0.69931,0.72371,0.77378
0.7981,0.79799,0.88034,0.82487,0.59771,0.28131,0.15308,0.17683,0.51281,0.75802,0.79565,0.73985
0.83764,0.83988,0.76608,0.74303,0.58725,0.34176,0.19259,0.18278,0.45841,0.71929,0.75554,0.72771
0.77355,0.83598,0.81883,0.7652,0.61646,0.30886,0.18622,0.24876,0.52778,0.71028,0.78176,0.7162
0.81433,0.83771,0.85256,0.77276,0.54742,0.3852,0.25563,0.25449,0.49249,0.75244,0.74109,0.82742
0.8192,0.84283,0.81446,0.69185,0.50464,0.32042,0.13354,0.18875,0.48511,0.72187,0.74751,0.79335
0.77651,0.8208,0.80642,0.69414,0.59409,0.30283,0.11935,0.18295,0.51856,0.73621,0.7249,0.75998
0.71115,0.78622,0.79967,0.67489,0.51672,0.26517,0.12891,0.21374,0.47224,0.80295,0.74923,0.76908
0.75759,0.8315,0.76255,0.71169,0.59998,0.41535,0.20073,0.20677,0.53221,0.72363,0.82015,0.77279
0.74961,0.89199,0.80923,0.73773,0.50054,0.16315,0.12184,0.19469,0.40954,0.68336,0.71932,0.74921
0.78682,0.79418,0.7857,0.72579,0.61163,0.25046,0.20466,0.20126,0.47641,0.65528,0.76552,0.78659
0.80164,0.76813,0.77529,0.83966,0.551,0.21713,0.13355,0.154,0.46077,0.74861,0.77205,0.78746
0.80543,0.79542,0.82473,0.78215,0.5169,0.26085,0.22042,0.19219,0.54802,0.73891,0.76476,0.81192
0.77504,0.89342,0.76931,0.71445,0.58262,0.3328,0.16211,0.15943,0.48168,0.7053,0.74521,0.77401
