9.5595e+06,1.2194e+07,1.3241e+07,1.3173e+07,1.2121e+07,1.003e+07,4.335e+06,7.149e+05,1.2662e+05,47782,7.8876e+05,2.7545e+06
7.7244e+06,1.1232e+07,1.2816e+07,1.3277e+07,1.2303e+07,1.033e+07,6.1169e+06,1.6485e+06,3.4941e+05,1.4411e+05,1.1254e+06,4.0486e+06
9.1575e+06,1.17e+07,1.2743e+07,1.3248e+07,1.206e+07,9.9181e+06,5.7479e+06,1.5192e+06,4.1282e+05,3.7951e+05,2.0342e+06,4.2702e+06
8.5084e+06,1.0453e+07,1.1652e+07,1.2497e+07,1.1474e+07,9.2737e+06,4.0778e+06,7.4953e+05,1.6888e+05,71751,5.6244e+05,1.5524e+06
5.7894e+06,1.0689e+07,1.2076e+07,1.2623e+07,1.1727e+07,9.9236e+06,4.8326e+06,7.7788e+05,1.6689e+05,49368,28678,9.4593e+05
2.9125e+06,9.3457e+06,1.1446e+07,1.2401e+07,1.1433e+07,7.2778e+06,1.4527e+06,50980,4815.2,723.52,324.11,3.6294e+05
2.9499e+06,8.2529e+06,1.0815e+07,1.1419e+07,1.0459e+07,7.4062e+06,3.0579e+06,1.9815e+05,25185,4429.6,1035.6,38199
8.2684e+05,6.0483e+06,1.0078e+07,1.0865e+07,9.9765e+06,7.313e+06,3.1055e+06,98687,13686,2237.2,769.55,88949
1.7249e+06,6.379e+06,8.9316e+06,9.8996e+06,8.9978e+06,7.2155e+06,2.3776e+06,61112,4730.9,920.15,349.28,3.7314e+05
1.6159e+06,6.143e+06,8.4022e+06,9.0371e+06,8.223e+06,4.9318e+06,1.6591e+06,74425,4993.7,962.16,446.69,3.9913e+05
1.9723e+06,7.4158e+06,1.0116e+07,1.1497e+07,9.5621e+06,7.2451e+06,3.3002e+06,1.723e+05,20316,4559.4,1792,5.1306e+05
2.0965e+06,6.995e+06,1.0327e+07,1.1229e+07,1.0655e+07,8.0482e+06,3.9065e+06,2.1594e+05,24214,5035.5,1900.3,2.0143e+05
1.1717e+06,5.3186e+06,9.9073e+06,1.0871e+07,1.0635e+07,7.794e+06,1.933e+06,42461,3706.2,588.42,218.31,3.1965e+05
1.1241e+06,5.9867e+06,1.0152e+07,1.0928e+07,1.0247e+07,7.4208e+06,3.1453e+06,1.1708e+05,11861,2137.3,875.88,3.1904e+05
1.4901e+06,6.0545e+06,9.6694e+06,1.0566e+07,9.8773e+06,7.0662e+06,1.9622e+06,39444,3386.4,748.29,408.58,7.2498e+05
4.068e+06,7.6735e+06,9.8273e+06,1.0188e+07,9.0927e+06,6.6024e+06,3.0139e+06,1.8286e+05,12576,3190.8,1827,6.5224e+05
2.4325e+06,7.4006e+06,9.7767e+06,1.0713e+07,1.025e+07,7.622e+06,2.3811e+06,1.2916e+05,8225.1,1488.4,616.06,5.6247e+05
2.3602e+06,6.9904e+06,1.0127e+07,1.0977e+07,1.0175e+07,7.2676e+06,2.0547e+06,48029,5422.6,787.47,186.7,1.1446e+05
6.7204e+05,5.82e+06,9.6344e+06,1.0329e+07,9.631e+06,4.5919e+06,2.0865e+05,7758.2,275.42,25.627,11.621,76752
1.2303e+06,5.5291e+06,9.2208e+06,1.084e+07,1.0488e+07,8.2978e+06,4.2819e+06,1.5789e+05,15510,3285.4,1638.1,7.8651e+05
2.76e+06,8.2485e+06,1.0236e+07,1.0727e+07,9.4843e+06,5.4844e+06,4.9681e+05,18887,840.9,90.836,38.827,1.0624e+05
1.4109e+06,5.3278e+06,9.153e+06,1.0551e+07,1.0232e+07,7.9296e+06,3.7245e+06,1.5605e+05,13295,2452.8,872.05,1.2791e+05
1.7387e+06,5.5524e+06,9.5311e+06,1.0494e+07,9.7353e+06,7.5455e+06,3.1056e+06,2.2928e+05,15140,3179.2,36415,7.215e+05
2.3128e+06,6.3217e+06,9.2166e+06,1.0351e+07,9.7808e+06,7.6806e+06,4.1435e+06,1.8588e+05,18788,3568.6,1148,6.4652e+05
1.7496e+06,4.6413e+06,8.614e+06,9.5065e+06,9.0752e+06,7.5061e+06,3.7715e+06,3.2318e+05,15752,3807.4,1774,7.2966e+05
5.0664e+06,8.6101e+06,1.0224e+07,1.0312e+07,9.6788e+06,7.7467e+06,2.4326e+06,1.1059e+05,10339,1530.6,562.24,4.1861e+05
2.0695e+06,6.1585e+06,8.4681e+06,9.8532e+06,8.832e+06,6.0229e+06,1.6269e+06,98987,6629.3,1334.1,9978.1,6.3969e+05
1.6516e+06,6.1331e+06,8.986e+06,9.9683e+06,9.5864e+06,7.7751e+06,1.3308e+06,91151,8651.8,1477.5,394.74,3.6235e+05
1.6816e+06,6.7041e+06,1.0323e+07,1.0811e+07,1.0061e+07,5.8067e+06,3.631e+05,14856,667.7,63.345,18.882,12.41
6.5656e+05,4.6599e+06,7.7399e+06,9.3615e+06,8.9165e+06,5.6357e+06,8.2577e+05,10855,649.7,117.79,49.764,1.3744e+05
1.0106e+06,5.0901e+06,8.8402e+06,1.0333e+07,9.9763e+06,7.772e+06,4.3509e+06,1.9185e+05,13658,3157.3,1828.2,7.0443e+05
2.4754e+06,6.4094e+06,9.3448e+06,1.0732e+07,9.4884e+06,7.3264e+06,3.3005e+06,83156,11779,2283.8,1105.8,5.4691e+05
4.3121e+06,8.4918e+06,9.967e+06,1.0418e+07,9.6233e+06,8.0116e+06,2.7445e+06,3.1046e+05,27349,8204.4,1.0759e+05,9.7309e+05
1.8577e+06,4.2934e+06,5.1824e+06,8.7987e+06,8.3247e+06,4.6281e+06,1.7379e+05,5009.1,149.89,10.52,1.9705,0.99393
47134,9.3155e+05,3.1143e+06,6.4592e+06,6.7405e+06,3.743e+06,6.0927e+05,5840.1,413.11,67.494,24.699,14.108
67630,1.4062e+06,4.3298e+06,7.7922e+06,7.3145e+06,2.0896e+06,28268,984.38,16.018,0.75676,0.082104,0.012193
0.0028095,3.2801e+05,1.7455e+06,3.8041e+06,3.1461e+06,7.7442e+05,3621.5,74.28,0.53372,0.01763,0.00051433,0
2859.4,1.1421e+05,2.0423e+06,5.7597e+06,5.8359e+06,2.1758e+06,28877,640.55,16.009,0.7096,0.12947,0.0641
0.030913,5.8798e+05,2.3533e+06,5.5794e+06,4.9055e+06,1.4082e+06,11993,390.44,7.0898,0.42412,0.045633,0.010667
1.2988e+05,1.0373e+06,3.6726e+06,5.8938e+06,5.7204e+06,2.7988e+06,15860,466.28,7.776,0.20889,0.017594,0.0040304
71108,2.5171e+05,2.0067e+06,3.4565e+06,3.3251e+06,6.9642e+05,2186.8,48.145,0.23477,0.00038014,0,0
8638.8,3.7998e+05,1.0322e+06,1.7631e+06,1.4867e+06,2.4099e+05,561.21,8.2885,0.0059234,0,0,0
0,0,7.9018e+05,9.423e+05,6.79e+05,5572.5,76.402,1.0747,0.00090784,0,0,0
0,0,7.9989e+05,2.4975e+06,1.6625e+06,4.3481e+05,2971.2,61.778,0.39848,0.0028151,0,0
0,2.7359e+05,1.2879e+06,2.2672e+06,1.9092e+06,1.4791e+05,1116.4,26.386,0.12293,0.00076802,6.054e-06,0
0,1.6949e+05,1.2093e+06,3.2465e+06,2.7361e+06,3.4565e+05,2089,30.537,0.05374,0,0,0
0,71958,4.1951e+05,2.4314e+06,2.8672e+06,8.125e+05,1322.9,33.811,0.25009,0.0021541,0,0
0,1.4783e+05,1.5734e+06,3.3534e+06,3.6338e+06,1.3013e+06,6583,226.82,3.338,0.011167,0,0
0,24876,1.5452e+05,7.5884e+05,3.1565e+05,23923,34.656,0.24232,0.0002259,0,0,0
0,0,3.2115e+05,1.0596e+06,1.0759e+06,2.5537e+05,882.18,19.325,0.19645,0.0034101,0,0
0,1.0192e+05,8.4894e+05,1.4606e+06,9.3048e+05,4.9695e+05,4318.6,126.08,1.5935,0.059872,0.001212,9.2612e-06
5.3488e-06,2.2269e+05,9.8309e+05,2.9967e+06,3.1077e+06,1.6172e+06,5852.8,181.07,2.6919,0.063578,0.00037493,2.6028e-05
6.1901e-06,2.0054e+05,2.2037e+06,3.6371e+06,4.0194e+06,1.9715e+06,3936.8,151.09,3.1257,0.027332,2.7589e-05,6.7313e-06
0,0,2.1576e+05,2.3808e+05,4.4065e+05,14953,75.909,0.77281,0.0010607,0,0,0
0,0,4.4654e+05,1.3006e+06,6.2772e+05,5117.3,225.46,1.7721,0,0,0,0
0,0,1.4797e+05,9.981e+05,1.0922e+06,1.1094e+05,158.19,2.5497,0.0090686,5.2647e-05,0,0
0,3.7919e+05,3.0552e+06,5.5699e+06,5.5298e+06,3.7366e+06,1.9934e+05,1739.8,79.09,9.4818,2.4273,1.2936
1.4365e+05,9.9787e+05,2.0609e+06,3.8479e+06,3.0099e+06,8.2013e+05,11637,403.15,8.4771,0.46214,0.048531,0.0075795
86459,5.0443e+05,1.1599e+06,2.6223e+06,1.3439e+06,1.0757e+05,849.41,10.813,0.013796,0,0,0
0,2.3524e+05,8.5721e+05,1.5813e+06,1.5782e+06,8.8445e+05,2653.7,133.02,2.4596,0.067982,0.0059771,0.0015202
5.57e-05,1.0568e-05,2.6333e+05,1.1972e+06,1.1738e+06,3.2907e+05,921.57,15.327,0.053516,1.3153e-05,0,0
0,32321,1.7675e+05,1.7514e+06,2.329e+06,5.5155e+05,859.1,18.622,0.084119,0,0,0
0,59236,8.3114e+05,2.4146e+06,1.8363e+06,57712,379.63,4.2266,0.0034397,0,0,0
0,65426,72565,79628,73119,14593,0.15513,0.000996,0,0,0,0
0,0,53987,5.1694e+05,3.4043e+05,486.12,1.8345,0.0084738,0,0,0,0
0,0,61339,6.8131e+05,3.0954e+05,22.225,1.5023,0.0047387,0,0,0,0
0,2467.7,72935,3.6235e+05,1.5223e+05,2460.7,4.1092,0.019647,0,0,0,0
0,0,0,0,14974,0,0,0,0,0,0,0
0,0,49685,76688,41065,2.2902,0.083466,8.164e-05,0,0,0,0
0,0,52930,57370,36243,0.94309,0.035814,0,0,0,0,0
0,0,56341,81732,59888,0.16768,0.0073983,1.0103e-05,0,0,0,0
0,0,18077,1.0998e+05,84701,0.23735,0.019588,5.6463e-05,0,0,0,0
0,0,0,81609,34991,0.62222,0.014504,0,0,0,0,0
0,0,47452,4.0943e+05,1.362e+05,5.5382,0.38456,0.00090107,0,0,0,0
0,0,31342,53150,32661,0.0037005,8.1382e-05,0,0,0,0,0
0,0,35983,4.4447e+05,4.2662e+05,42865,179.5,2.1749,0.0044987,0,0,0
0,0,1.0328e+05,3.7797e+05,1.3452e+05,6.0507,0.54745,0.0016765,0,0,0,0
0,0,1.6753e+05,7.9833e+05,7.7791e+05,3.0927e+05,628.88,27.467,0.37721,0.012412,0.00018623,0
0,0,2.2427e+05,3.4754e+05,1.8517e+05,19.836,1.4521,0.0030593,0,0,0,0
0,0,4.5472e+05,9.8849e+05,8.1544e+05,1.3811e+05,262.18,4.2176,0.027722,0.00058906,0,0
0,31196,7.2636e+05,1.46e+06,1.1344e+06,1.3397e+05,173.76,3.682,0.02427,0.0006794,3.5091e-06,0
0,0,1.7336e+05,3.5857e+05,2.8738e+05,28062,4.5287,0.034396,0,0,0,0
0,0,77435,5.1632e+05,2.4226e+05,879.46,31.832,0.15583,0,0,0,0
0,0,78504,86368,82249,5687.1,0.32692,0.0020161,0,0,0,0
0,0,49284,2.0878e+05,1.7415e+05,3.2858,0.12384,0.00013827,0,0,0,0
0,0,78889,7.7895e+05,6.3851e+05,827.62,99.799,1.625,0.0061074,0,0,0
0,17686,3.0397e+05,8.3096e+05,8.3285e+05,1.9985e+05,583.1,31.244,0.60924,0.019673,0.00011881,0
1783,4.1971e+05,1.1271e+06,1.8655e+06,8.9733e+05,9889.9,286.15,1.7549,0,0,0,0
0,0,16400,96259,59040,1.0489,0.055882,0.00011548,0,0,0,0
0,0,1.6677e+05,9.5574e+05,6.9897e+05,62408,205.26,2.8631,0.0026636,0,0,0
0,0,1.3358e+05,4.1063e+05,1.4058e+05,44.625,3.7296,0.01645,0,0,0,0
0,15348,70411,1.1138e+05,85926,2.0321,0.10248,0.00024363,0,0,0,0
0,0,1.8001e+05,2.3211e+05,2.3195e+05,81.621,5.8895,0.024194,0,0,0,0
0,0,78630,1.5876e+05,62912,106.53,0.023444,8.4147e-06,0,0,0,0
0,0,80204,4.125e+05,5.3318e+05,15173,112.75,1.6133,0.0056136,0,0,0
0,0,88379,4.688e+05,2.8638e+05,1873.5,7.6105,0.025855,0,0,0,0
0,0,87001,5.5002e+05,4.5844e+05,125.82,14.922,0.099912,8.8814e-05,0,0,0
0,56577,1.8923e+05,1.2944e+06,5.5695e+05,29686,118.19,0.79821,5.9864e-05,0,0,0
0,0,76326,1.634e+05,94786,6585.9,0.51363,0.002924,0,0,0,0
0,0,0,0,0,0,0,0,0,0,0,0
