1.0401e-08,8.116e-09,8.6941e-09,7.9798e-09,4.0013e-09,7.2078e-10,4.2988e-10,7.7581e-10,1.3402e-09,3.8508e-09,7.1255e-09,8.9156e-09
9.3657e-09,9.4093e-09,8.5416e-09,8.136e-09,4.4404e-09,9.2831e-10,5.8887e-10,6.7062e-10,1.7687e-09,4.4318e-09,7.183e-09,9.8084e-09
9.2405e-09,1.067e-08,9.3547e-09,6.9648e-09,3.7393e-09,9.829e-10,4.8745e-10,7.3875e-10,1.5318e-09,3.9074e-09,7.5451e-09,8.7986e-09
8.853e-09,9.5566e-09,8.9853e-09,7.7351e-09,3.6181e-09,6.9383e-10,4.472e-10,5.409e-10,1.2401e-09,3.5508e-09,6.4143e-09,8.6346e-09
9.3267e-09,9.5482e-09,8.9117e-09,7.7212e-09,3.4344e-09,1.0113e-09,4.9893e-10,7.3347e-10,1.1881e-09,2.4303e-09,6.656e-09,8.8184e-09
9.7367e-09,8.6696e-09,7.4892e-09,7.2129e-09,3.3979e-09,5.5741e-10,4.8005e-10,6.5235e-10,1.2943e-09,3.6647e-09,6.0251e-09,8.215e-09
1.053e-08,9.1181e-09,9.5509e-09,7.171e-09,3.8312e-09,9.0882e-10,3.1221e-10,4.6547e-10,8.9293e-10,2.7789e-09,5.7098e-09,8.2155e-09
9.6366e-09,8.7895e-09,8.5543e-09,7.5572e-09,3.6933e-09,7.51e-10,4.7199e-10,5.7915e-10,1.168e-09,3.3274e-09,5.6773e-09,8.3118e-09
9.005e-09,9.7774e-09,8.9179e-09,6.8013e-09,3.0556e-09,5.4717e-10,1.3824e-10,9.7821e-11,5.1855e-10,2.2809e-09,5.8235e-09,7.9544e-09
9.9581e-09,8.6264e-09,8.9147e-09,6.4645e-09,3.0338e-09,6.8613e-10,1.7696e-10,3.6669e-10,8.7202e-10,2.2874e-09,5.7343e-09,9.3547e-09
8.7183e-09,1.035e-08,8.8894e-09,6.7878e-09,3.15e-09,9.8273e-10,3.8367e-10,6.5504e-10,1.1925e-09,3.4178e-09,5.5358e-09,9.2384e-09
9.3601e-09,8.1351e-09,9.0855e-09,6.9282e-09,2.4796e-09,6.2875e-10,1.7884e-10,8.959e-11,6.1216e-10,1.7255e-09,4.7752e-09,7.8832e-09
9.936e-09,1.078e-08,8.1996e-09,7.0279e-09,3.1801e-09,7.8766e-10,3.2556e-10,4.7077e-10,1.2464e-09,2.4586e-09,5.9881e-09,9.1848e-09
9.9125e-09,8.3223e-09,8.7644e-09,7.0954e-09,3.2214e-09,7.5921e-10,3.3346e-10,5.9409e-10,1.1455e-09,3.3561e-09,5.5221e-09,8.207e-09
8.6289e-09,9.5396e-09,9.5775e-09,6.9449e-09,2.7184e-09,8.966e-10,3.6177e-10,6.7951e-10,1.0398e-09,3.0258e-09,6.0432e-09,8.1342e-09
9.6275e-09,9.3616e-09,9.196e-09,7.8844e-09,3.3871e-09,7.8139e-10,4.0663e-10,5.7861e-10,1.2874e-09,3.7078e-09,6.5365e-09,8.6386e-09
9.291e-09,9.1605e-09,9.0235e-09,6.6885e-09,3.7219e-09,5.8032e-10,3.9956e-10,5.652e-10,9.0831e-10,2.5217e-09,5.6271e-09,7.9971e-09
1.0371e-08,7.994e-09,9.2836e-09,7.0115e-09,3.4819e-09,4.7123e-10,2.2875e-10,1.8873e-10,6.041e-10,2.4477e-09,4.4456e-09,7.2986e-09
9.2934e-09,9.717e-09,9.7568e-09,5.9924e-09,3.1904e-09,4.7776e-10,1.5672e-10,2.0579e-10,8.9535e-10,2.1388e-09,5.6865e-09,7.9707e-09
9.4955e-09,8.9562e-09,8.7049e-09,6.9874e-09,2.9225e-09,6.8642e-10,3.9939e-10,3.6389e-10,1.077e-09,2.9592e-09,5.3155e-09,8.0167e-09
9.9059e-09,1.0611e-08,8.7492e-09,6.563e-09,2.2261e-09,4.6745e-10,3.0584e-11,5.9967e-13,2.8841e-10,1.315e-09,4.2479e-09,6.5166e-09
9.6652e-09,8.8926e-09,9.1271e-09,6.8413e-09,2.4623e-09,2.648e-10,8.0559e-11,1.6346e-10,5.6857e-10,1.8744e-09,4.7893e-09,8.6359e-09
1.0032e-08,9.2024e-09,9.3937e-09,6.5246e-09,3.8169e-09,4.7668e-10,6.8695e-11,1.2463e-11,3.0842e-10,1.7144e-09,4.6563e-09,7.3608e-09
8.5417e-09,8.752e-09,7.3714e-09,5.5246e-09,2.2778e-09,4.5267e-10,7.2719e-11,6.5815e-12,4.1144e-10,1.4879e-09,5.1668e-09,6.744e-09
9.2429e-09,9.0545e-09,7.3295e-09,5.4027e-09,1.3638e-09,4.9416e-10,1.7936e-10,7.5152e-11,5.0575e-10,1.88e-09,4.0334e-09,6.6112e-09
8.5221e-09,8.8419e-09,8.4867e-09,7.1071e-09,2.7248e-09,3.9169e-10,7.1307e-11,5.685e-11,5.7633e-10,1.937e-09,4.567e-09,7.4428e-09
8.699e-09,8.2393e-09,9.1936e-09,7.0963e-09,3.3345e-09,7.334e-10,3.548e-10,4.1194e-10,7.1524e-10,2.793e-09,4.7701e-09,8.0347e-09
1.0006e-08,9.5026e-09,8.8048e-09,7.3316e-09,3.4653e-09,7.3439e-10,2.9432e-10,2.5753e-10,9.4644e-10,2.683e-09,5.0399e-09,8.4929e-09
8.7609e-09,8.6414e-09,9.2482e-09,6.0941e-09,2.1914e-09,7.6595e-10,3.8597e-10,3.7902e-10,9.6748e-10,2.6152e-09,6.3406e-09,8.2237e-09
9.4235e-09,1.0428e-08,8.4387e-09,7.0371e-09,3.1334e-09,8.7334e-10,3.5256e-10,4.9971e-10,8.9264e-10,3.3355e-09,6.2998e-09,9.1758e-09
1.0038e-08,8.6869e-09,9.082e-09,6.5755e-09,3.2008e-09,4.482e-10,3.0105e-10,3.123e-10,1.0834e-09,2.7054e-09,5.2572e-09,7.5521e-09
9.3031e-09,8.1714e-09,9.5031e-09,5.936e-09,3.6957e-09,7.0329e-10,2.8791e-10,2.211e-10,9.1438e-10,2.3847e-09,5.5152e-09,9.1966e-09
9.4864e-09,9.6723e-09,7.9116e-09,7.1225e-09,3.98e-09,6.5625e-10,3.5885e-10,2.8464e-10,9.2937e-10,2.5947e-09,4.711e-09,7.4778e-09
8.7161e-09,9.3801e-09,7.3901e-09,7.0562e-09,2.6098e-09,7.7272e-10,1.8156e-10,1.3952e-10,7.5384e-10,2.1295e-09,5.3915e-09,7.3996e-09
9.7457e-09,8.7696e-09,8.5077e-09,6.7649e-09,3.8111e-09,5.05e-10,1.8921e-10,1.2569e-10,8.1643e-10,3.5059e-09,5.2907e-09,8.4225e-09
8.7813e-09,1.0397e-08,9.5322e-09,5.8248e-09,3.1181e-09,5.0624e-10,1.0567e-10,5.7431e-11,5.3945e-10,1.968e-09,5.2836e-09,7.3745e-09
9.4508e-09,9.4312e-09,9.1332e-09,4.6029e-09,1.8533e-09,5.5859e-10,1.2088e-10,8.3235e-11,3.6529e-10,1.8733e-09,3.8516e-09,7.2838e-09
8.3589e-09,8.7682e-09,8.9737e-09,6.4784e-09,2.9101e-09,5.264e-10,2.1897e-10,2.3184e-10,5.3422e-10,1.9773e-09,4.9297e-09,7.0286e-09
8.3998e-09,9.7545e-09,9.5487e-09,6.3896e-09,2.4015e-09,6.3542e-10,1.7952e-10,1.6493e-10,7.4073e-10,1.8708e-09,5.4248e-09,7.9346e-09
9.041e-09,8.8581e-09,9.1557e-09,6.5643e-09,2.2105e-09,3.6803e-10,1.9424e-10,3.9868e-10,9.0935e-10,2.2841e-09,4.1145e-09,8.0236e-09
9.4041e-09,8.7156e-09,9.435e-09,6.9789e-09,2.6039e-09,1.008e-09,3.57e-10,3.6299e-10,8.21e-10,3.1402e-09,5.5362e-09,8.31e-09
9.5647e-09,1.0513e-08,8.8771e-09,6.5877e-09,2.0297e-09,6.0893e-10,2.2066e-10,2.9129e-10,7.7362e-10,2.9873e-09,4.1486e-09,7.5083e-09
9.3519e-09,9.7121e-09,8.7501e-09,6.927e-09,3.5224e-09,6.7266e-10,2.4142e-10,9.2819e-11,7.4026e-10,2.2659e-09,6.2578e-09,8.6906e-09
9.1463e-09,1.0761e-08,9.0168e-09,6.7797e-09,3.6001e-09,1.0098e-09,3.1543e-10,2.734e-10,1.0421e-09,2.7715e-09,4.3782e-09,8.1736e-09
8.499e-09,1.0045e-08,8.5685e-09,7.2908e-09,4.3993e-09,7.3339e-10,3.9392e-10,3.7761e-10,8.2314e-10,2.7123e-09,6.8709e-09,8.7386e-09
9.0921e-09,8.7913e-09,9.6361e-09,6.6504e-09,2.122e-09,5.5107e-10,5.9636e-11,8.5269e-12,3.6882e-10,1.6023e-09,4.2881e-09,7.0772e-09
8.7264e-09,9.181e-09,8.7668e-09,5.8751e-09,2.4716e-09,7.2563e-10,2.8293e-10,3.0026e-10,1.2242e-09,2.2079e-09,5.7045e-09,8.6108e-09
9.2343e-09,9.0097e-09,9.0848e-09,5.6531e-09,2.6423e-09,8.3369e-10,2.8157e-10,3.2092e-10,1.0736e-09,2.0232e-09,5.3763e-09,8.424e-09
9.2085e-09,8.3072e-09,8.7103e-09,7.2861e-09,2.8125e-09,5.6688e-10,1.5845e-10,2.2194e-10,7.8821e-10,2.199e-09,5.3965e-09,7.9294e-09
9.5548e-09,1.0059e-08,8.7073e-09,6.7755e-09,2.4427e-09,8.9366e-10,2.4469e-10,3.0361e-10,5.9212e-10,2.1672e-09,5.6638e-09,8.7717e-09
8.9926e-09,9.2415e-09,9.4234e-09,5.9377e-09,2.7812e-09,4.8525e-10,1.6341e-10,2.82e-10,1.1731e-09,2.2704e-09,5.4899e-09,7.4564e-09
1.0036e-08,9.3957e-09,8.5546e-09,5.6991e-09,3.3639e-09,7.3841e-10,2.3437e-10,3.4856e-10,9.3168e-10,2.7409e-09,5.8207e-09,8.2186e-09
8.3518e-09,9.3572e-09,7.8832e-09,6.9315e-09,2.2178e-09,6.0615e-10,9.6514e-11,2.8456e-11,4.8489e-10,1.7923e-09,4.2545e-09,8.4365e-09
8.3192e-09,8.9227e-09,8.2349e-09,6.8946e-09,2.4216e-09,4.1525e-10,2.3927e-10,3.3118e-10,8.7176e-10,2.2708e-09,5.3595e-09,7.5564e-09
8.6801e-09,9.3529e-09,9.3555e-09,6.4408e-09,2.3954e-09,6.2072e-10,8.2961e-11,9.7587e-11,6.2459e-10,2.0132e-09,6.0703e-09,8.4513e-09
9.29e-09,8.7211e-09,8.2254e-09,5.3996e-09,2.7115e-09,7.7755e-10,1.9603e-10,2.2538e-10,6.7154e-10,2.1357e-09,4.6018e-09,6.6556e-09
9.6547e-09,9.8615e-09,7.893e-09,5.4309e-09,2.3773e-09,5.1833e-10,1.3371e-10,2.1415e-12,2.736e-10,1.3946e-09,3.8139e-09,6.7275e-09
8.5466e-09,8.9316e-09,7.7738e-09,6.6053e-09,1.5627e-09,1.156e-10,1.9677e-13,3.8125e-15,4.9891e-11,5.4124e-10,3.5001e-09,5.4922e-09
7.8425e-09,7.9969e-09,8.9948e-09,7.0654e-09,2.6654e-09,1.7226e-10,7.9585e-12,4.2389e-15,1.5641e-10,7.577e-10,3.9237e-09,6.0039e-09
8.1313e-09,9.5157e-09,8.3156e-09,5.4898e-09,3.1143e-09,5.1008e-10,1.9175e-10,4.75e-10,7.6272e-10,2.4925e-09,5.414e-09,7.6943e-09
9.866e-09,8.8789e-09,7.6165e-09,6.4518e-09,2.049e-09,5.1774e-10,1.4793e-10,2.9259e-10,8.0175e-10,2.0324e-09,4.9427e-09,6.9366e-09
9.0032e-09,8.9464e-09,8.8612e-09,6.8263e-09,2.9247e-09,3.8462e-10,1.4577e-10,2.7772e-10,9.4704e-10,2.3111e-09,5.0315e-09,7.4843e-09
9.0897e-09,1.0058e-08,8.8805e-09,7.0805e-09,2.5356e-09,8.872e-10,2.1847e-10,4.0394e-10,7.4032e-10,2.6611e-09,5.0859e-09,9.0605e-09
8.5839e-09,9.7521e-09,8.5632e-09,6.6955e-09,3.8237e-09,8.1528e-10,4.2476e-10,3.4456e-10,1.2095e-09,3.1761e-09,5.0203e-09,8.1695e-09
9.494e-09,9.5261e-09,9.3056e-09,5.9395e-09,2.4858e-09,7.1934e-10,1.8001e-10,1.0155e-10,8.1736e-10,2.4882e-09,4.7633e-09,7.2741e-09
8.9258e-09,9.0255e-09,9.1272e-09,6.1071e-09,2.5546e-09,6.6366e-10,1.9003e-10,2.4708e-10,8.0177e-10,2.3618e-09,5.7176e-09,7.6806e-09
9.6688e-09,1.0043e-08,8.3773e-09,6.7466e-09,4.0918e-09,1.1081e-09,2.6432e-10,2.5548e-10,6.9702e-10,2.6076e-09,4.4642e-09,8.6641e-09
9.9727e-09,9.6582e-09,9.7871e-09,5.406e-09,2.2881e-09,4.853e-10,1.7751e-10,1.9565e-10,9.6884e-10,2.0418e-09,5.3828e-09,7.4995e-09
9.1922e-09,9.3159e-09,8.0994e-09,7.0201e-09,3.2426e-09,1.0916e-09,5.6751e-10,3.8078e-10,1.0712e-09,2.7498e-09,6.5711e-09,8.4213e-09
9.384e-09,9.7022e-09,9.0698e-09,7.6628e-09,2.7672e-09,7.7051e-10,2.1635e-10,8.0478e-11,7.6437e-10,2.2995e-09,5.5809e-09,7.8634e-09
7.7119e-09,9.0719e-09,8.4869e-09,6.9675e-09,3.096e-09,5.0251e-10,2.6186e-10,6.7365e-10,1.2257e-09,2.9002e-09,5.9379e-09,8.5874e-09
1.001e-08,9.6636e-09,9.3226e-09,7.5088e-09,2.5471e-09,7.3168e-10,3.1474e-10,4.6152e-10,9.6853e-10,3.0801e-09,5.5595e-09,9.0083e-09
8.7963e-09,9.4818e-09,9.7033e-09,6.5209e-09,3.9895e-09,8.7746e-10,1.4433e-10,1.7659e-10,8.0359e-10,2.4933e-09,5.9672e-09,8.1504e-09
8.6086e-09,1.0189e-08,8.2825e-09,5.2625e-09,2.5803e-09,6.0973e-10,1.4219e-10,2.2289e-10,7.8296e-10,2.605e-09,4.2872e-09,7.3451e-09
9.0864e-09,7.6412e-09,8.7784e-09,5.873e-09,2.8318e-09,3.1397e-10,2.6549e-11,6.0705e-12,4.3804e-10,1.4875e-09,4.1521e-09,7.145e-09
8.0312e-09,9.6998e-09,8.8267e-09,5.365e-09,1.9397e-09,5.6302e-10,5.4201e-11,4.4183e-12,2.9281e-10,1.4879e-09,4.7648e-09,7.9519e-09
8.638e-09,9.3335e-09,9.0222e-09,6.875e-09,2.3307e-09,6.4141e-10,1.8771e-10,4.4628e-11,4.2675e-10,1.9762e-09,3.8938e-09,7.376e-09
8.144e-09,9.3287e-09,8.1492e-09,7.0411e-09,2.7048e-09,8.9258e-10,2.6766e-10,3.2161e-10,9.9163e-10,2.3996e-09,5.3736e-09,8.2124e-09
9.1192e-09,8.9893e-09,7.3947e-09,7.0273e-09,3.2934e-09,6.6336e-10,1.4684e-10,1.2667e-10,5.4536e-10,2.0484e-09,5.531e-09,6.7123e-09
9.1684e-09,8.1727e-09,8.6373e-09,7.4586e-09,3.0896e-09,5.4323e-10,8.3595e-11,1.2854e-12,3.0766e-10,1.8981e-09,4.9354e-09,7.2828e-09
9.1049e-09,9.9549e-09,8.7672e-09,7.163e-09,3.1686e-09,6.199e-10,1.3686e-10,1.7403e-10,6.8104e-10,2.0255e-09,4.5986e-09,7.2299e-09
8.9213e-09,7.9197e-09,9.1383e-09,5.9537e-09,2.332e-09,5.6007e-10,2.2674e-10,1.0947e-10,5.8065e-10,1.6084e-09,5.5667e-09,7.2648e-09
8.7466e-09,9.1001e-09,8.065e-09,6.4885e-09,3.0806e-09,4.8319e-10,1.063e-10,1.2545e-10,5.099e-10,1.6854e-09,4.671e-09,7.2338e-09
9.1098e-09,1.0099e-08,8.7035e-09,6.6348e-09,3.8122e-09,7.9046e-10,2.5737e-10,3.986e-10,9.4352e-10,3.3027e-09,5.0047e-09,8.0513e-09
9.8136e-09,9.7642e-09,9.244e-09,7.2963e-09,2.8659e-09,5.7127e-10,1.4557e-10,4.7993e-11,6.8515e-10,2.508e-09,4.7287e-09,8.2463e-09
9.0389e-09,9.8585e-09,8.298e-09,7.0891e-09,3.1579e-09,5.5585e-10,1.473e-10,1.6359e-10,8.5646e-10,2.4686e-09,5.3595e-09,8.4992e-09
8.764e-09,9.8013e-09,9.7703e-09,6.8935e-09,3.1712e-09,7.9282e-10,1.9163e-10,1.0198e-10,5.0948e-10,2.0543e-09,4.6724e-09,7.7653e-09
9.1221e-09,8.1328e-09,8.1549e-09,6.1427e-09,3.0675e-09,1.0489e-09,3.5462e-10,6.0456e-10,1.253e-09,2.1768e-09,6.029e-09,8.7514e-09
8.1752e-09,9.7913e-09,8.2692e-09,6.7375e-09,3.0641e-09,4.2397e-10,1.6023e-10,2.5102e-11,3.5827e-10,2.4329e-09,4.8048e-09,6.9999e-09
8.4995e-09,9.1345e-09,8.5004e-09,6.4391e-09,2.408e-09,3.4634e-10,3.6295e-11,1.6346e-12,2.1915e-10,1.7291e-09,4.5403e-09,7.4412e-09
9.3779e-09,8.4627e-09,9.5072e-09,6.3253e-09,2.0783e-09,4.5373e-10,2.4071e-11,8.966e-13,1.5154e-10,8.6778e-10,3.6286e-09,6.1089e-09
8.1446e-09,9.9322e-09,8.2466e-09,6.2301e-09,2.417e-09,6.5756e-10,5.0184e-11,1.5331e-11,3.3429e-10,1.1387e-09,3.6092e-09,7.2764e-09
7.7011e-09,8.5348e-09,7.3689e-09,5.7931e-09,1.6585e-09,4.8621e-10,3.8471e-11,1.1908e-11,3.8982e-10,1.429e-09,3.5798e-09,6.0477e-09
8.2668e-09,9.8334e-09,9.5026e-09,5.1955e-09,2.1895e-09,4.5512e-10,5.9972e-11,2.1974e-11,4.5183e-10,1.4243e-09,4.0666e-09,6.0719e-09
8.1183e-09,1.0762e-08,8.4003e-09,6.8852e-09,2.3308e-09,6.1879e-10,1.7043e-10,1.3777e-10,5.9353e-10,1.7497e-09,4.5992e-09,8.2945e-09
8.635e-09,1.0734e-08,8.1841e-09,5.3036e-09,3.4466e-09,5.4866e-10,9.0935e-11,1.3492e-10,4.4405e-10,2.1694e-09,4.1644e-09,7.0872e-09
9.3919e-09,7.6103e-09,9.8266e-09,5.6286e-09,3.0136e-09,4.3025e-10,7.3889e-11,9.5541e-13,2.4101e-10,1.8184e-09,4.9123e-09,7.7991e-09
9.0849e-09,9.859e-09,7.1394e-09,6.5926e-09,2.685e-09,6.7207e-10,1.0683e-10,9.7846e-11,5.8087e-10,1.8158e-09,4.1558e-09,7.0717e-09
8.5495e-09,9.5515e-09,8.9302e-09,6.1889e-09,2.3272e-09,4.0212e-10,3.6644e-11,6.4851e-11,4.2359e-10,1.4641e-09,4.4881e-09,7.7095e-09
7.4238e-09,8.9176e-09,8.0801e-09,6.63e-09,1.757e-09,3.7922e-10,1.0418e-11,5.0009e-12,3.912e-10,7.6068e-10,3.9688e-09,6.4945e-09
