0.93287,0.86893,0.86076,0.86996,0.77342,0.54842,0.55108,0.61429,0.71003,0.77239,0.90641,0.89176
0.92153,0.88117,0.8948,0.87766,0.74406,0.57667,0.53596,0.57698,0.72291,0.83283,0.85408,0.91644
0.92224,0.87246,0.86393,0.86272,0.76805,0.61399,0.56131,0.60339,0.68701,0.81338,0.90655,0.91262
0.9248,0.91403,0.87648,0.85287,0.72666,0.56016,0.58196,0.56698,0.73436,0.79217,0.87507,0.9139
0.9015,0.91436,0.87738,0.86586,0.74074,0.6162,0.53915,0.56418,0.69865,0.85985,0.86294,0.87002
0.89415,0.91834,0.88969,0.87303,0.70979,0.58334,0.53639,0.57756,0.72056,0.84917,0.89429,0.90115
0.90338,0.91093,0.86081,0.88429,0.75754,0.6017,0.57411,0.62638,0.72687,0.81237,0.85509,0.92186
0.93681,0.90213,0.89228,0.85477,0.75836,0.5471,0.55461,0.58054,0.69504,0.77804,0.82493,0.87963
0.91207,0.89825,0.88528,0.88606,0.75849,0.56764,0.48583,0.53388,0.6777,0.84333,0.85325,0.86276
0.93333,0.90899,0.88624,0.85316,0.72644,0.56964,0.50244,0.54721,0.68513,0.87298,0.86379,0.8845
0.92395,0.91576,0.87166,0.81748,0.71288,0.57918,0.53317,0.5623,0.69844,0.8562,0.84295,0.91495
0.9234,0.9203,0.87748,0.82798,0.72702,0.58181,0.53382,0.50294,0.64267,0.78448,0.8339,0.89218
0.91664,0.92039,0.91977,0.84937,0.70875,0.56245,0.45858,0.52954,0.65767,0.85862,0.77978,0.84743
0.88964,0.88907,0.90936,0.84726,0.78673,0.52541,0.47539,0.53756,0.69402,0.81517,0.87666,0.88764
0.90826,0.91429,0.90849,0.87532,0.72335,0.5236,0.43351,0.50216,0.63663,0.82964,0.82236,0.80864
0.87628,0.90699,0.85927,0.86976,0.71088,0.52332,0.47077,0.52708,0.67527,0.8303,0.84776,0.81839
0.88513,0.91553,0.92703,0.85642,0.68313,0.5923,0.48129,0.4785,0.65771,0.82686,0.81888,0.84052
0.87014,0.93356,0.90474,0.88425,0.71404,0.51184,0.42835,0.51904,0.65576,0.79693,0.87105,0.79091
0.86332,0.92927,0.90606,0.86031,0.73519,0.50057,0.50757,0.49083,0.65745,0.81219,0.8347,0.82433
0.87251,0.90613,0.86776,0.85267,0.72399,0.54572,0.51571,0.56833,0.73466,0.82063,0.84664,0.88907
0.93313,0.90069,0.9049,0.85413,0.69531,0.54642,0.47201,0.44257,0.70628,0.8182,0.78829,0.84847
0.88387,0.89452,0.90714,0.85255,0.69336,0.51254,0.4092,0.40584,0.63087,0.80801,0.77963,0.82272
0.83233,0.92856,0.92052,0.84174,0.71959,0.51847,0.42873,0.41824,0.7231,0.81369,0.82723,0.84284
0.88012,0.89579,0.89796,0.81922,0.70463,0.52093,0.48918,0.48404,0.59413,0.82073,0.81816,0.88792
0.90011,0.93111,0.90399,0.86583,0.70083,0.53327,0.49748,0.4684,0.65158,0.79392,0.82184,0.76766
0.90781,0.8905,0.90414,0.82909,0.69861,0.5572,0.48031,0.54545,0.65777,0.81886,0.81885,0.80925
0.86222,0.92581,0.88954,0.82572,0.66805,0.53354,0.40174,0.47397,0.64266,0.8152,0.84345,0.83769
0.88457,0.91255,0.88935,0.84275,0.69537,0.54644,0.47999,0.54604,0.66042,0.79658,0.85403,0.87185
0.84482,0.94212,0.90657,0.86654,0.72924,0.50216,0.41297,0.47322,0.58963,0.79973,0.76333,0.80249
0.89052,0.88539,0.8977,0.87981,0.72465,0.52578,0.46631,0.42209,0.66423,0.81438,0.76833,0.88003
0.85575,0.93211,0.89377,0.89981,0.76643,0.47445,0.36398,0.43914,0.61439,0.81465,0.84369,0.76818
0.80925,0.9056,0.92066,0.83911,0.75306,0.53071,0.42541,0.38277,0.62201,0.81256,0.82809,0.80006
0.9077,0.90805,0.92146,0.84918,0.70216,0.53373,0.4653,0.42109,0.59926,0.8007,0.87205,0.92706
0.82805,0.93668,0.91203,0.84972,0.66102,0.49097,0.33826,0.43826,0.55569,0.81973,0.86092,0.8436
0.73198,0.8785,0.89074,0.81618,0.66692,0.52828,0.43137,0.4485,0.62233,0.86156,0.7908,0.78492
0.85412,0.87785,0.89515,0.85998,0.74738,0.47534,0.41366,0.44991,0.61563,0.82292,0.80759,0.83255
0.84968,0.87282,0.87803,0.85829,0.70178,0.49602,0.33322,0.35793,0.64013,0.80481,0.79418,0.79825
0.82675,0.86966,0.89877,0.8294,0.66847,0.46706,0.39647,0.38396,0.61124,0.79022,0.85562,0.83105
0.82269,0.86429,0.88212,0.80271,0.62724,0.4649,0.36695,0.36777,0.58556,0.79764,0.81104,0.81549
0.87372,0.8693,0.86626,0.81473,0.65676,0.5175,0.36528,0.32081,0.55977,0.81603,0.80178,0.79745
0.87849,0.89231,0.90173,0.8109,0.61102,0.45241,0.33009,0.28764,0.52977,0.76731,0.79708,0.74952
0.81313,0.84786,0.8338,0.82453,0.65164,0.46855,0.36043,0.2919,0.557,0.74768,0.81047,0.81862
0.8361,0.85653,0.91286,0.73775,0.58337,0.35655,0.2481,0.24441,0.55556,0.71838,0.81555,0.75501
0.82492,0.77937,0.84634,0.79343,0.57232,0.3273,0.14053,0.25423,0.4997,0.7699,0.75906,0.74352
0.85292,0.80287,0.85886,0.79166,0.53772,0.36619,0.22821,0.21063,0.54075,0.73042,0.80518,0.77319
0.74983,0.89029,0.72095,0.70988,0.62495,0.40352,0.24614,0.26881,0.56813,0.69049,0.76504,0.76422
0.77274,0.81745,0.85316,0.82996,0.6104,0.44449,0.31164,0.26766,0.50179,0.80712,0.8093,0.76342
0.83742,0.77607,0.85868,0.83169,0.58992,0.35906,0.20656,0.21156,0.48631,0.77452,0.77767,0.77745
0.72561,0.77581,0.81299,0.77818,0.65145,0.48555,0.32748,0.29333,0.64314,0.82615,0.77478,0.76568
0.82167,0.7807,0.86783,0.78719,0.63436,0.40402,0.32685,0.33351,0.57415,0.79601,0.77496,0.80061
0.82943,0.83432,0.8519,0.84177,0.65131,0.43021,0.29485,0.26421,0.56549,0.72586,0.76849,0.87462
0.75545,0.83653,0.84806,0.80852,0.61123,0.39158,0.27848,0.30001,0.63381,0.78297,0.79159,0.80835
0.7688,0.8172,0.89541,0.76948,0.53885,0.47553,0.32511,0.36276,0.60136,0.75591,0.74253,0.79455
0.79595,0.81213,0.87201,0.73251,0.62163,0.4122,0.23137,0.27074,0.61116,0.7779,0.78977,0.74771
0.76752,0.79619,0.86166,0.78795,0.61401,0.37891,0.28657,0.23679,0.58543,0.78508,0.73846,0.80803
0.83164,0.77996,0.82716,0.73775,0.59051,0.32424,0.28111,0.24383,0.51472,0.74924,0.76278,0.75838
0.80956,0.74808,0.81989,0.79805,0.6501,0.44825,0.31968,0.36836,0.60905,0.72298,0.77961,0.80826
0.83379,0.81691,0.85232,0.82573,0.69333,0.44285,0.34076,0.30125,0.60559,0.73055,0.78091,0.80012
0.82277,0.86788,0.85319,0.81517,0.57398,0.42721,0.27188,0.26631,0.59206,0.78429,0.79899,0.82158
0.75978,0.83824,0.78816,0.72912,0.64084,0.37828,0.22459,0.2455,0.56292,0.73964,0.75848,0.78009
0.78729,0.84297,0.82515,0.80984,0.59037,0.36437,0.19544,0.19188,0.52345,0.73159,0.7816,0.72616
0.79453,0.82351,0.85455,0.74884,0.49723,0.32691,0.24928,0.23471,0.52319,0.7278,0.79565,0.69306
0.77571,0.79929,0.82916,0.7302,0.65699,0.26908,0.15754,0.2422,0.48916,0.73574,0.79482,0.7668
0.79416,0.80265,0.80447,0.72193,0.62839,0.32232,0.25376,0.23549,0.59621,0.73268,0.78138,0.74991
0.84572,0.8462,0.80523,0.74913,0.60783,0.37544,0.13064,0.25172,0.52977,0.77095,0.74821,0.69422
0.77796,0.81019,0.81112,0.78555,0.5009,0.33347,0.1957,0.22728,0.60679,0.72283,0.74168,0.73312
0.75436,0.77962,0.85304,0.74496,0.54367,0.28546,0.16527,0.21582,0.52857,0.75552,0.74073,0.79068
0.79002,0.90634,0.77552,0.62537,0.59143,0.34241,0.16873,0.24264,0.46373,0.75151,0.74487,0.79737
0.81365,0.84999,0.7796,0.72364,0.52997,0.19712,0.13423,0.22208,0.54567,0.70457,0.71801,0.73344
0.77302,0.77721,0.82618,0.72587,0.45253,0.31839,0.16304,0.18435,0.5198,0.69625,0.77887,0.76605
0.71697,0.82178,0.84019,0.70479,0.51944,0.28583,0.1325,0.21601,0.46546,0.67287,0.74625,0.73572
0.7723,0.85696,0.78864,0.6715,0.63596,0.2586,0.1295,0.19547,0.54878,0.70794,0.718,0.70127
0.76367,0.78826,0.80915,0.72048,0.51919,0.42659,0.23017,0.28334,0.48025,0.73415,0.76001,0.77627
0.8204,0.8117,0.76903,0.78431,0.53553,0.20957,0.15452,0.20606,0.48456,0.75104,0.71238,0.69962
0.79322,0.77215,0.7788,0.74921,0.52678,0.3485,0.24898,0.23904,0.4944,0.71777,0.74241,0.75152
0.81762,0.80576,0.80832,0.71343,0.52275,0.24997,0.14581,0.21332,0.52987,0.76799,0.72668,0.72789
0.7747,0.79559,0.75987,0.78471,0.57041,0.32326,0.15312,0.24973,0.51961,0.67723,0.75308,0.77294
0.74175,0.79495,0.83069,0.7053,0.59717,0.36438,0.26195,0.27691,0.49244,0.70883,0.77338,0.77405
0.80578,0.80287,0.78695,0.79435,0.60153,0.3794,0.20222,0.25326,0.50379,0.80393,0.75519,0.7759
0.7679,0.74945,0.78803,0.77515,0.62803,0.2864,0.14301,0.19194,0.51297,0.68282,0.72075,0.7493
0.73973,0.82119,0.86651,0.70697,0.58006,0.34111,0.17999,0.23899,0.509,0.73439,0.77318,0.70971
0.75955,0.82667,0.78168,0.73672,0.57792,0.37743,0.18246,0.23849,0.5946,0.71917,0.75673,0.83872
0.78658,0.76709,0.83277,0.75151,0.66316,0.34072,0.19422,0.18657,0.46861,0.77562,0.80247,0.73688
0.77157,0.78698,0.76524,0.75776,0.57196,0.25811,0.11985,0.18203,0.56299,0.67295,0.77863,0.77823
0.79484,0.80355,0.81612,0.81059,0.61353,0.29394,0.23333,0.16637,0.47991,0.67424,0.80569,0.77878
0.84893,0.7814,0.81461,0.74744,0.56426,0.3258,0.15556,0.22726,0.6045,0.70714,0.77886,0.75214
0.80161,0.77032,0.80864,0.78678,0.52863,0.27573,0.16202,0.19146,0.49291,0.74244,0.69636,0.771
0.79183,0.7186,0.78303,0.67097,0.5972,0.33037,0.14726,0.17952,0.53897,0.6991,0.7527,0.7685
0.77826,0.75227,0.83324,0.77552,0.46419,0.25843,0.17366,0.21621,0.49737,0.72401,0.72495,0.77082
0.75155,0.84954,0.83394,0.72568,0.57262,0.31832,0.18958,0.21443,0.53663,0.6521,0.75045,0.72803
0.7656,0.8575,0.81336,0.76695,0.54704,0.28556,0.15685,0.20993,0.45231,0.65122,0.67933,0.80628
0.81176,0.75449,0.77319,0.68822,0.50374,0.28326,0.14237,0.26098,0.5258,0.71007,0.78299,0.75759
0.74839,0.75737,0.78601,0.66142,0.49638,0.27019,0.18584,0.19821,0.58377,0.72532,0.77768,0.7588
0.74443,0.83202,0.76975,0.73715,0.55748,0.33501,0.14629,0.20948,0.46638,0.65455,0.70685,0.71744
0.80867,0.83188,0.80215,0.79776,0.50594,0.29525,0.15388,0.19913,0.5144,0.71066,0.85949,0.74153
0.79329,0.74241,0.79805,0.72032,0.50897,0.23439,0.10213,0.18076,0.51826,0.68451,0.70832,0.73707
0.72238,0.8116,0.74977,0.73247,0.53683,0.26904,0.1943,0.25183,0.58136,0.69166,0.73948,0.79482
0.77397,0.85088,0.73433,0.74413,0.5397,0.30751,0.14806,0.21526,0.44831,0.7357,0.73098,0.7821
0.8429,0.799,0.73007,0.69034,0.54784,0.30283,0.13823,0.18187,0.48459,0.64802,0.77777,0.72075
0.74475,0.79766,0.78234,0.78973,0.63516,0.26683,0.1751,0.23976,0.54572,0.6881,0.74122,0.82736
