99492,1.0032e+05,99646,99620,1.0083e+05,1.0092e+05,1.0209e+05,1.0109e+05,1.0084e+05,99982,1.003e+05,1.0065e+05
99432,1.0036e+05,1.0017e+05,99901,99245,1.0104e+05,1.0197e+05,1.0204e+05,1.0077e+05,99990,99909,99812
99620,99169,1.0009e+05,1.0018e+05,99853,1.0159e+05,1.0139e+05,1.0123e+05,1.0082e+05,1.0005e+05,99686,1.0125e+05
98998,99992,99221,1.0024e+05,1.004e+05,1.0148e+05,1.0197e+05,1.015e+05,1.0084e+05,1.0024e+05,1.0036e+05,99728
98997,99437,1.0044e+05,99815,1.0057e+05,1.0039e+05,1.0127e+05,1.0175e+05,1.0028e+05,1.0013e+05,1.0008e+05,1.0023e+05
99075,99958,99815,1.0032e+05,1.0121e+05,1.015e+05,1.0207e+05,1.0136e+05,1.0082e+05,1.0029e+05,1.0098e+05,99393
97860,1.009e+05,1.0071e+05,99754,1.0098e+05,1.0092e+05,1.0183e+05,1.0134e+05,1.0123e+05,1.0044e+05,99820,99015
99842,99591,1.0003e+05,1.0042e+05,1.0024e+05,1.0109e+05,1.0224e+05,1.0138e+05,1.0061e+05,1.0036e+05,99727,99929
98235,99869,1.0036e+05,99557,99841,1.0078e+05,1.018e+05,1.0203e+05,1.0097e+05,1.0045e+05,1.0025e+05,99333
99166,99693,99830,99912,99964,1.0093e+05,1.0194e+05,1.0182e+05,1.0134e+05,1.002e+05,1.0001e+05,1.0103e+05
99867,99631,99975,1e+05,1.0095e+05,1.0162e+05,1.0211e+05,1.0147e+05,1.0098e+05,99969,1.0003e+05,99694
99748,99770,99604,99300,1.0096e+05,1.0088e+05,1.0189e+05,1.0168e+05,1.0058e+05,99953,99795,1.0038e+05
99905,99790,1.0037e+05,1.0018e+05,1.0037e+05,1.0155e+05,1.0195e+05,1.0109e+05,1.0103e+05,1.0043e+05,1.002e+05,1.0005e+05
99578,99209,99930,99718,1.0091e+05,1.0137e+05,1.0162e+05,1.0136e+05,1.0026e+05,1.0074e+05,1.0098e+05,99341
99727,99334,1.0001e+05,1.0023e+05,1.0087e+05,1.0161e+05,1.0177e+05,1.0114e+05,1.0071e+05,1.0025e+05,99975,99750
1.0011e+05,99772,99115,1.0017e+05,1.0157e+05,1.0171e+05,1.0186e+05,1.0096e+05,1.0048e+05,1.0024e+05,1.0035e+05,99794
1.0009e+05,99150,1.0013e+05,99623,1.0072e+05,1.0131e+05,1.0196e+05,1.0139e+05,1.0077e+05,99821,1.0055e+05,1.011e+05
99545,99739,1.0009e+05,99680,1.002e+05,1.0076e+05,1.0248e+05,1.0161e+05,1.0105e+05,1.0056e+05,99700,99586
99057,1.015e+05,1.0005e+05,99958,1.0006e+05,1.0063e+05,1.0186e+05,1.0156e+05,1.0045e+05,99794,99983,99737
99281,98579,1.0009e+05,1.0001e+05,1.0028e+05,1.0033e+05,1.0186e+05,1.0153e+05,1.0058e+05,1.0013e+05,99398,99553
98470,1.005e+05,1.0003e+05,99699,1.0061e+05,1.0107e+05,1.0185e+05,1.0156e+05,1.0102e+05,1.0029e+05,1.0027e+05,1.0031e+05
99380,98901,1.0046e+05,99955,99966,1.0116e+05,1.0171e+05,1.0125e+05,1.007e+05,1.0052e+05,1.0006e+05,1.0075e+05
99767,98739,1.0079e+05,1.0006e+05,1.0087e+05,1.0141e+05,1.019e+05,1.0162e+05,1.0066e+05,1.0034e+05,1.0027e+05,1.0089e+05
99171,1.007e+05,99076,99749,99802,1.0094e+05,1.0175e+05,1.0172e+05,1.0077e+05,99698,1.0005e+05,99943
99365,99261,99164,1.0074e+05,1.0068e+05,1.0122e+05,1.0219e+05,1.0145e+05,1.0128e+05,1.0014e+05,1.0016e+05,99827
98503,99626,1.0005e+05,99586,99718,1.0138e+05,1.0156e+05,1.0174e+05,1.0094e+05,1.0007e+05,1.0057e+05,99751
98641,1.0049e+05,99606,1.0048e+05,1.0063e+05,1.0114e+05,1.0188e+05,1.0133e+05,1.009e+05,99525,99930,1.0003e+05
98970,1.0077e+05,1.0055e+05,1.0087e+05,1.0064e+05,1.0181e+05,1.017e+05,1.0096e+05,1.0072e+05,1.0013e+05,1.0023e+05,1.0045e+05
1.0009e+05,99708,99425,99944,1.0076e+05,1.012e+05,1.0185e+05,1.0142e+05,1.0051e+05,1.0019e+05,99789,1.0004e+05
98876,98459,1.0043e+05,1.0063e+05,1.0163e+05,1.0106e+05,1.016e+05,1.0106e+05,1.0039e+05,99288,99112,1.0018e+05
98498,1.0063e+05,1.0086e+05,1.0037e+05,1.0132e+05,1.0161e+05,1.0163e+05,1.0109e+05,1.0026e+05,99450,99506,1.0071e+05
99545,99989,1.0003e+05,1.0167e+05,1.0168e+05,1.0193e+05,1.0173e+05,1.0116e+05,1.0027e+05,1.0006e+05,1.0051e+05,1.0019e+05
99191,98919,1.011e+05,99552,1.0122e+05,1.0162e+05,1.0207e+05,1.0107e+05,1.0102e+05,99637,99450,1.0149e+05
98670,1.0056e+05,99643,1.0084e+05,1.0129e+05,1.0145e+05,1.018e+05,1.0147e+05,1.0119e+05,1.0001e+05,98806,99509
99417,99573,1.0041e+05,1.0048e+05,1.0063e+05,1.0158e+05,1.016e+05,1.0146e+05,1.0108e+05,1.0058e+05,99346,99264
98879,98457,99621,1.0013e+05,1.0061e+05,1.0133e+05,1.0151e+05,1.0096e+05,1.0022e+05,99338,99340,1.0052e+05
98908,99616,99602,1.0042e+05,1.0031e+05,1.019e+05,1.0151e+05,1.0161e+05,1.0069e+05,99661,99662,99802
99086,99874,99624,1.0042e+05,1.0134e+05,1.0187e+05,1.0187e+05,1.0133e+05,1.0091e+05,1.0019e+05,1.0007e+05,1.0006e+05
98391,99640,1.0056e+05,1.0049e+05,1.0024e+05,1.0153e+05,1.0155e+05,1.0136e+05,1.0082e+05,1.0007e+05,99562,99801
99027,1.0032e+05,99642,1.019e+05,1.0247e+05,1.0223e+05,1.0139e+05,1.0133e+05,1.0047e+05,1.0001e+05,99346,98736
99197,98932,1.009e+05,1.0022e+05,1.005e+05,1.0187e+05,1.0174e+05,1.0128e+05,1.0069e+05,1.0007e+05,99484,1.0007e+05
99258,98943,1.003e+05,1.001e+05,1.0074e+05,1.0165e+05,1.0133e+05,1.0118e+05,1.0047e+05,1.0053e+05,99442,1.0031e+05
99228,1.0011e+05,99751,1.0015e+05,1.02e+05,1.0144e+05,1.0153e+05,1.0141e+05,1.0078e+05,1.0028e+05,99970,99959
1.0014e+05,98948,98559,99731,1.0051e+05,1.0137e+05,1.021e+05,1.0148e+05,1.0096e+05,1.0001e+05,99718,99978
99582,98285,1.0035e+05,1.0032e+05,1.0094e+05,1.0155e+05,1.018e+05,1.0153e+05,1.0092e+05,1.0076e+05,99309,99387
1.0059e+05,98402,99858,1.0026e+05,1.0059e+05,1.0196e+05,1.0185e+05,1.0121e+05,1.0035e+05,1.0006e+05,99402,99219
98613,1.0007e+05,1.0035e+05,99079,1.0026e+05,1.0169e+05,1.0182e+05,1.0124e+05,1.0123e+05,1.0024e+05,1.001e+05,1.0019e+05
98727,98099,99432,99245,1.0137e+05,1.0275e+05,1.0163e+05,1.0133e+05,1.0055e+05,99364,1.0009e+05,1.004e+05
99210,1.0095e+05,99319,1.0059e+05,1.0142e+05,1.0165e+05,1.0127e+05,1.008e+05,1.0024e+05,1.0043e+05,99822,1.0037e+05
99564,99504,99819,99812,1.0146e+05,1.022e+05,1.0145e+05,1.0097e+05,1.0084e+05,99923,1.0029e+05,1.002e+05
98950,1.0102e+05,98502,1.0067e+05,1.0107e+05,1.0186e+05,1.0161e+05,1.0089e+05,1.007e+05,99907,99179,99684
99262,98992,1.0103e+05,99653,1.0033e+05,1.0149e+05,1.0181e+05,1.0156e+05,1.0047e+05,99204,1.0018e+05,99740
98165,1.0011e+05,99269,1.0035e+05,1.0119e+05,1.0133e+05,1.0154e+05,1.0116e+05,1.0043e+05,1.0092e+05,1.0005e+05,1.0033e+05
98628,99483,99558,99857,1.0095e+05,1.0204e+05,1.0192e+05,1.0164e+05,1.006e+05,99247,1.0031e+05,99591
99159,1.0101e+05,98743,1.0011e+05,1.0048e+05,1.0151e+05,1.0198e+05,1.0132e+05,1.0073e+05,99923,99849,1.0053e+05
98125,99629,99504,99482,1.0034e+05,1.0145e+05,1.0176e+05,1.0165e+05,1.0029e+05,99820,99787,99740
99389,99613,1.0023e+05,99843,1.0058e+05,1.0158e+05,1.0154e+05,1.0151e+05,1.0074e+05,1.0045e+05,99793,1.0007e+05
99122,98949,99996,1.0132e+05,1.0123e+05,1.023e+05,1.0178e+05,1.0124e+05,1.0077e+05,99624,99221,99623
98709,99356,99080,1.0092e+05,1.0238e+05,1.0175e+05,1.0136e+05,1.0164e+05,1.011e+05,1.0013e+05,99643,1.0015e+05
99291,98859,1.0062e+05,99842,1.007e+05,1.018e+05,1.0182e+05,1.0187e+05,1.0125e+05,1.0007e+05,99515,98953
98950,1.0056e+05,98490,1.0015e+05,1.011e+05,1.0125e+05,1.0171e+05,1.0136e+05,1.0062e+05,99577,99805,99918
98457,1.0044e+05,99202,1.0094e+05,1.0077e+05,1.0131e+05,1.0222e+05,1.0114e+05,1.0049e+05,99704,99363,99594
98851,1.0055e+05,1.0011e+05,99814,1.0116e+05,1.0179e+05,1.0214e+05,1.0156e+05,1.008e+05,99700,1.0013e+05,1.008e+05
98848,1.0013e+05,1.0069e+05,1.0052e+05,1.0021e+05,1.0152e+05,1.0188e+05,1.0131e+05,1.0043e+05,99956,99288,99556
99198,99081,99232,99595,1.0065e+05,1.0181e+05,1.0205e+05,1.0148e+05,1.0037e+05,99641,1.0015e+05,1.0048e+05
98630,1.002e+05,99928,99569,1.0097e+05,1.0099e+05,1.0151e+05,1.0132e+05,1.0067e+05,1.005e+05,1.0011e+05,99063
99547,99888,99570,99571,1.0036e+05,1.0126e+05,1.0181e+05,1.018e+05,1.0051e+05,1.0016e+05,1.0012e+05,99657
98587,99517,1.0019e+05,1.007e+05,1.0104e+05,1.0141e+05,1.0179e+05,1.017e+05,1.0084e+05,99438,99793,99691
98675,99262,99811,1.0116e+05,1.0045e+05,1.0096e+05,1.0129e+05,1.0128e+05,1.0066e+05,1.0065e+05,99857,1.0101e+05
97900,1.0025e+05,1.0052e+05,98939,1.0066e+05,1.0138e+05,1.0177e+05,1.0125e+05,1.0042e+05,99444,99416,1.0038e+05
98171,1.0064e+05,98632,1.0079e+05,1.0106e+05,1.0177e+05,1.0144e+05,1.0089e+05,1.0086e+05,1.0064e+05,1.0024e+05,99773
99163,99446,1.0009e+05,1.0053e+05,1.017e+05,1.0167e+05,1.0167e+05,1.0123e+05,1.0114e+05,99914,99693,99853
99126,99499,1.0086e+05,1.0024e+05,1.0063e+05,1.017e+05,1.0189e+05,1.0165e+05,1.0137e+05,1.0068e+05,98958,1.0031e+05
99243,98775,98773,99911,1.0106e+05,1.02e+05,1.0163e+05,1.0166e+05,1.0102e+05,1.0004e+05,99630,1.0001e+05
98568,99586,98979,1.0042e+05,1.0123e+05,1.0112e+05,1.0159e+05,1.011e+05,99948,99375,99677,1.0009e+05
99963,98927,99693,1.0053e+05,1.0085e+05,1.0195e+05,1.0192e+05,1.0114e+05,1.0037e+05,1.0026e+05,99820,99734
99576,1.0008e+05,99326,1.0034e+05,1.0085e+05,1.016e+05,1.0168e+05,1.0088e+05,1.0067e+05,1.0006e+05,99218,1.0041e+05
99359,1.0019e+05,99322,99448,1.0054e+05,1.0144e+05,1.0152e+05,1.0142e+05,1.0073e+05,99911,99696,99831
1.0023e+05,98800,99657,1.0044e+05,1.0131e+05,1.0191e+05,1.0205e+05,1.0137e+05,1.0055e+05,1.0001e+05,1.007e+05,99227
99393,99824,99026,1.0086e+05,1.0011e+05,1.0117e+05,1.0168e+05,1.0142e+05,1.0047e+05,1.0143e+05,99504,99499
99478,99064,99684,99902,1.0032e+05,1.0161e+05,1.0192e+05,1.0161e+05,1.0062e+05,1.0063e+05,99033,99375
98484,99793,98598,1.0013e+05,1.0092e+05,1.014e+05,1.0171e+05,1.0166e+05,1.0119e+05,99961,1.001e+05,99615
99222,99752,99175,1.0037e+05,1.0092e+05,1.0178e+05,1.0176e+05,1.0147e+05,1.0079e+05,1.0006e+05,1.0073e+05,99912
98751,1.0035e+05,98990,1.0005e+05,1.0129e+05,1.0164e+05,1.016e+05,1.0139e+05,1.0073e+05,1.0039e+05,99877,99818
1.0048e+05,98232,99972,99575,1.0142e+05,1.0201e+05,1.016e+05,1.0123e+05,1.0046e+05,1.0013e+05,99471,1.0025e+05
99449,99128,1.0022e+05,1.0019e+05,1.0023e+05,1.0101e+05,1.0164e+05,1.0172e+05,1.0146e+05,99882,99814,1.0085e+05
98061,99789,99931,99633,1.0091e+05,1.0156e+05,1.0163e+05,1.0146e+05,1.0053e+05,1.0011e+05,1.0037e+05,1.0023e+05
98339,99937,99196,1.0062e+05,1.013e+05,1.0153e+05,1.0157e+05,1.013e+05,1.0098e+05,99608,99676,1.006e+05
98203,1.0041e+05,99219,99752,1.0116e+05,1.0187e+05,1.018e+05,1.0121e+05,1.0047e+05,1.0006e+05,1.0057e+05,99232
98331,1.0048e+05,99055,1.0026e+05,1.0106e+05,1.0173e+05,1.0163e+05,1.0157e+05,1.009e+05,1.0059e+05,1.0026e+05,99398
99133,99253,99953,99610,1.008e+05,1.0149e+05,1.0182e+05,1.0161e+05,1.0061e+05,1.0049e+05,99341,99805
1.0089e+05,1.0003e+05,98895,99751,1.0061e+05,1.0171e+05,1.0137e+05,1.0151e+05,1.0078e+05,99587,1.0042e+05,99691
99543,99104,99716,1.01e+05,1.0162e+05,1.0187e+05,1.0186e+05,1.0179e+05,1.0092e+05,99663,1.0039e+05,1.0008e+05
99432,98746,99831,99781,1.0091e+05,1.0109e+05,1.0198e+05,1.018e+05,1.0045e+05,1e+05,1.0098e+05,99950
98929,99108,1.0051e+05,1.0077e+05,1.0157e+05,1.015e+05,1.0196e+05,1.0197e+05,1.0113e+05,1.0022e+05,99348,1.0066e+05
98202,99151,98660,1.0011e+05,1.008e+05,1.0188e+05,1.0175e+05,1.0191e+05,1.0119e+05,1.0012e+05,99463,99560
98918,1.0035e+05,99713,99716,1.0037e+05,1.0083e+05,1.0132e+05,1.0125e+05,1.006e+05,1.0039e+05,1.0075e+05,1.0006e+05
99552,99659,99165,1.0023e+05,1.0138e+05,1.016e+05,1.0183e+05,1.0093e+05,1.0068e+05,1.0114e+05,1.0023e+05,1.0001e+05
99335,1.0049e+05,1.0031e+05,1.0005e+05,1.0055e+05,1.013e+05,1.015e+05,1.0134e+05,1.0103e+05,1.0027e+05,99640,1.0035e+05
98760,99850,99320,1.0105e+05,1.0133e+05,1.0146e+05,1.0146e+05,1.0148e+05,1.0078e+05,1.0034e+05,1.0039e+05,99885
