-0.74251,-1.2089,-1.3915,-1.32,-0.72848,0.91799,4.4514,7.1713,6.6001,4.7481,2.7189,0.54794
-0.6456,-1.142,-1.3311,-1.2012,-0.64215,1.1202,4.4167,7.0725,6.6345,4.5403,2.6425,0.7164
-0.068122,-0.71263,-1.1491,-1.1685,-0.4143,2.0996,6.3169,9.2658,7.836,5.542,3.1571,1.1075
-0.15569,-0.85908,-1.1072,-0.98128,-0.17421,2.2882,6.2897,9.3386,8.835,6.2616,3.5883,1.4906
0.079511,-0.75397,-1.075,-0.97421,-0.15344,2.582,7.0848,10.053,8.9619,6.5041,4.1511,1.6561
0.23062,-0.53341,-0.90926,-0.89513,-0.094298,2.4093,6.8439,10.123,9.4263,6.6805,4.0022,1.8126
0.18553,-0.63019,-1.0222,-0.86475,0.099598,2.7272,6.9162,9.9244,9.0252,6.483,3.9704,1.618
0.058532,-0.63062,-0.88442,-0.75966,0.43407,3.7334,9.076,12.181,10.623,7.9376,5.1019,2.6153
0.5761,-0.4114,-0.77581,-0.65352,0.48111,3.6476,8.6986,11.714,10.349,7.7788,5.2178,2.8009
0.83504,-0.2724,-0.68312,-0.61607,0.32349,3.7377,9.5248,12.489,10.716,8.3375,5.5333,3.3302
1.3018,0.011294,-0.56914,-0.43017,0.68891,3.902,9.2721,12.443,10.89,8.2042,5.712,3.2487
1.2285,-0.14023,-0.64866,-0.52971,0.89533,4.8833,10.805,13.234,11.356,8.1354,5.6086,3.377
1.1138,-0.023741,-0.5049,-0.39324,0.75053,3.7545,9.2396,12.28,10.749,7.8756,5.2857,3.1496
1.3801,0.045971,-0.45091,-0.47046,0.73271,4.0093,8.8958,11.884,10.547,8.1055,5.4113,2.7423
0.99651,0.11169,-0.29523,-0.1895,1.0646,4.3613,9.6336,12.517,10.874,8.1755,5.5854,3.3929
1.4957,0.37077,0.011169,0.30269,2.159,6.5003,11.761,14.313,12.933,9.2969,6.6931,4.347
2.3688,0.77582,-0.028773,-0.005504,1.463,5.2286,11.032,13.762,12.367,9.1073,6.1764,3.9564
2.0511,0.52312,-0.19104,-0.23585,0.93335,4.7638,10.739,13.409,11.666,9.2678,6.8196,4.3667
1.8946,0.4041,-0.13545,0.24479,2.4594,8.6986,15.671,17.343,14.501,10.615,7.7273,5.4692
3.2377,2.0253,0.93724,0.99508,3.4028,9.4264,16.477,18.121,14.927,11.483,8.6679,6.2577
4.0667,2.5266,1.3839,1.2999,3.3148,8.8812,15.33,17.213,14.391,11.472,8.5092,6.2396
3.8982,1.983,1.0294,1.2312,3.5748,9.4245,16.471,18.167,15.496,12.109,9.08,6.7297
4.4571,2.6151,1.9266,1.8375,4.2287,10.327,16.969,18.492,15.551,12.204,9.3972,6.6579
4.1789,2.4828,1.4728,1.4324,4.1237,10.455,17.297,18.872,15.749,12.087,8.7222,6.2306
4.2771,2.6755,1.7784,1.7941,4.2649,10.318,16.547,18.315,16.053,11.982,9.0027,6.5645
4.4562,2.522,1.8001,2.1482,4.6316,10.745,17.746,19.124,16.812,13.588,10.359,7.4899
4.9841,3.2325,2.3533,2.5338,5.3065,12.155,18.748,19.834,16.734,13.311,10.333,7.7854
5.5615,3.8246,2.6403,2.8067,5.816,12.332,19.033,19.794,17.329,13.82,10.448,7.7738
5.5821,3.744,2.719,2.6467,5.7384,12.223,18.882,20.206,17.06,13.624,10.319,7.5364
5.273,3.6082,2.5958,2.5212,5.5448,12.15,18.944,19.913,16.79,13.064,9.9825,7.4718
5.5701,4.0773,2.9901,3.0719,6.0862,12.765,19.405,20.146,17.579,14.492,11.16,8.1739
5.6528,3.7379,2.4839,2.7561,5.4482,11.98,18.725,20.054,17.228,13.735,10.867,8.314
5.815,4.1207,3.0546,3.6258,7.3943,14.156,20.607,20.877,18.179,14.688,11.637,9.0761
6.4946,4.6975,3.5561,3.8529,7.1492,13.885,20.318,21.244,17.8,13.854,10.825,8.1364
6.0941,4.428,3.376,3.527,6.7765,13.559,20.133,20.702,17.535,13.704,10.906,8.1633
5.6956,4.0213,2.5261,2.5112,5.3966,12.06,18.651,19.846,16.634,13.253,10.222,7.5688
5.2858,3.5496,2.2409,2.3222,5.2765,11.774,18.589,19.806,17.035,13.613,10.544,8.2062
5.868,4.3352,3.1486,2.9256,5.7399,12.231,19.067,20.344,16.974,13.865,10.96,8.5816
6.3347,4.4996,3.3777,3.7997,6.8581,13.59,20.482,20.909,18.196,14.828,11.805,9.1407
7.0052,5.0985,4.0887,4.0689,6.9823,13.889,20.296,20.83,18.13,15.211,12.171,9.2692
6.9429,5.4055,4.352,4.3003,7.5642,14.08,20.593,21.567,18.278,14.94,12.155,9.3921
6.8119,4.8221,3.5999,4.0027,7.3183,13.983,20.45,21.281,18.348,14.724,11.911,9.4965
6.9739,5.323,4.1225,4.103,6.7637,13.344,20.1,20.957,17.895,14.297,11.523,9.1947
7.0204,4.8691,3.5911,3.7338,7.1214,13.87,20.578,21.073,18.168,14.392,11.36,8.9272
6.4963,4.6852,3.3934,3.478,6.455,13.041,19.485,20.348,17.446,14.094,11.21,8.6105
6.5598,4.6557,3.4271,3.5912,6.6129,13.313,20.007,20.407,17.372,13.96,11.198,8.7053
6.5312,4.7344,3.8847,3.833,6.5068,13.137,19.876,21.014,17.712,13.982,11.194,8.5042
6.1778,4.532,3.619,3.514,6.4595,12.918,19.28,20.418,17.921,14.155,10.84,8.5638
6.6022,5.1027,3.8219,3.8307,6.6924,13.332,19.874,20.61,17.75,14.576,11.469,8.8657
6.6633,5.3732,4.9473,4.886,8.039,14.671,21.004,21.595,18.644,15.181,12.211,9.5734
7.2023,5.4331,4.0446,3.8728,6.7088,13.102,19.848,20.743,17.709,14.588,11.807,9.0247
6.6476,4.7852,3.8004,3.7458,6.593,13.142,19.707,20.791,17.694,14.697,11.633,9.1685
6.7828,5.0762,3.9587,3.9669,6.9265,13.742,20.348,21.36,18.27,15.185,12.347,9.3113
7.0379,5.622,4.4725,4.4866,7.2407,13.921,20.476,20.994,18.222,15.304,12.214,9.6836
7.3294,5.4967,4.5015,4.7716,7.6344,14.041,20.495,21.043,18.319,14.974,11.981,9.3866
7.1594,5.1976,3.9196,3.8199,6.3403,12.634,19.304,21.156,17.848,14.305,11.256,8.623
6.6421,5.4057,4.0725,4.3447,6.948,13.201,19.697,21.075,17.939,14.363,11.652,9.0611
6.8488,5.1828,4.1023,3.8673,6.764,13.27,19.899,21.005,17.868,14.301,11.732,9.0641
6.8918,5.0426,3.8232,4.2949,7.2029,13.763,20.194,21.354,17.979,14.707,11.864,9.3828
7.05,5.3975,4.36,4.3976,7.2262,13.111,19.587,20.741,18.144,14.278,11.325,8.9617
6.8784,5.0505,3.9326,3.7417,6.6144,13.019,19.664,20.486,17.352,14.214,10.949,8.7106
6.6237,4.9588,3.9838,3.9885,6.8417,13.682,20.175,20.793,17.997,15.18,12.155,9.4682
6.9215,5.3486,4.2426,4.1177,6.8906,13.255,19.666,20.77,17.367,13.661,11.132,8.616
6.1153,4.1359,2.8422,2.8303,5.7049,11.837,18.555,20.137,17.375,14.042,11.233,8.5292
6.0819,4.2938,3.0392,3.1588,6.044,12.612,19.452,20.417,17.16,13.42,10.642,8.2067
6.4606,5.1884,3.8269,3.5868,6.325,12.541,19.357,20.195,17.066,13.678,11.046,8.528
6.2033,4.5222,3.5346,3.8234,7.3219,13.927,20.311,21.19,18.016,14.193,11.411,8.8142
6.7716,5.3506,4.3602,4.2979,7.355,13.902,20.403,20.915,17.851,14.609,11.798,9.3157
6.788,4.8632,3.6664,3.5776,6.4112,12.935,19.519,20.565,17.336,14.006,11.055,8.6221
6.7088,4.9369,3.5601,3.5712,6.5548,12.545,18.848,20.219,17.179,13.576,10.548,7.9937
5.9654,4.2228,3.2081,3.3516,6.0452,12.859,19.593,20.426,17.463,14.109,10.959,7.9681
5.5654,3.6615,2.6419,2.3124,4.8771,11.327,17.811,19.294,16.845,14.051,10.864,8.2135
6.0976,4.5471,3.4958,3.6654,6.4115,12.92,19.772,20.645,17.805,14.606,11.825,9.1198
6.7748,4.9755,3.8536,4.1073,7.2362,13.816,20.797,21.417,17.971,14.518,12.228,9.6434
6.9985,5.0892,3.9168,4.0913,7.4321,14.008,20.354,20.918,17.867,14.349,11.767,9.2141
6.6238,4.8532,3.7937,3.7029,6.2815,12.477,19.23,20.094,17.409,14.262,11.364,8.8162
6.5279,4.8999,3.6847,3.6624,6.7768,13.43,19.879,20.87,17.958,14.925,11.957,9.1084
6.7956,5.0199,3.9447,4.2104,6.8268,13.196,19.923,20.875,18.089,14.863,12.137,9.6096
7.3418,5.7355,4.2733,4.3388,7.1036,13.852,20.089,21.165,18.042,14.468,11.863,9.4206
7.0692,5.2815,4.1762,4.2932,7.1387,13.427,19.955,20.828,17.836,14.548,11.775,9.122
6.8725,5.5382,4.4973,4.4709,7.15,13.866,20.462,21.028,17.986,14.463,12.016,9.4074
6.9914,5.1406,3.8602,3.8263,6.6133,13.069,19.599,20.692,17.94,14.226,11.435,8.7438
6.5329,4.6368,3.735,3.6064,6.6787,13.474,20.361,21.106,18.048,15.169,12.087,9.3317
6.8126,4.9071,3.8943,4.2301,7.3545,14.084,20.539,20.759,17.947,14.697,11.778,9.1625
6.791,5.2226,4.0061,4.0039,7.0253,13.486,19.778,20.348,17.852,14.396,11.857,9.1061
6.9854,5.2479,4.428,5.0524,8.1188,14.645,20.994,21.805,18.633,15.18,12.127,9.599
7.2596,5.2471,3.8195,3.9727,7.3687,13.857,20.115,20.556,17.941,15.173,12.212,9.7169
7.3614,5.643,4.9234,4.9766,7.5862,13.907,20.451,21.304,18.518,15.063,12.441,9.6859
7.2582,5.9973,4.6996,4.3852,7.1298,13.448,20.143,21.186,18.189,14.851,11.844,9.1535
6.7057,5.0612,3.9994,3.7693,6.5919,12.867,19.34,20.1,17.186,13.856,11.286,8.5975
6.3246,4.5685,3.0845,3.0222,5.8502,12.49,19.095,20.336,17.107,13.859,11.083,8.2989
6.0896,4.5288,3.2768,3.2005,6.2019,12.725,19.464,20.498,17.524,14.578,11.706,9.1625
7.0395,5.3333,4.2452,4.357,7.5605,14.221,20.875,21.227,18.306,15.071,12.315,9.5809
6.9694,5.5963,4.419,4.4388,7.5078,14.371,21.07,21.884,18.966,15.459,12.37,9.8743
7.659,5.9994,4.7076,4.9644,8.5057,15.342,21.64,22.065,19.192,15.357,12.045,9.6339
7.2672,5.5339,4.1917,4.0938,6.9584,13.514,20.18,21.105,17.792,14.95,12.565,9.9222
7.5605,5.6235,4.4578,4.0576,6.7455,12.78,19.568,20.673,17.649,14.365,11.387,8.8881
6.6269,5.2375,4.101,4.1021,6.9892,13.664,20.126,21.133,18.268,15.034,12.106,9.5329
7.5462,5.6126,4.4353,4.6293,7.6964,13.9,20.275,20.861,18.379,14.911,12.154,9.5705
7.5969,5.5896,4.107,4.1781,7.2544,13.809,20.146,21.2,18.223,14.807,12.043,9.7617
