1.098e+07,1.2874e+07,1.3934e+07,1.4289e+07,1.4187e+07,1.3023e+07,1.018e+07,5.8062e+06,3.0035e+06,2.5771e+06,6.7273e+06,1.0583e+07
1.2624e+07,1.4596e+07,1.6123e+07,1.704e+07,1.6476e+07,1.4289e+07,1.277e+07,9.9159e+06,6.5394e+06,7.2219e+06,1.0183e+07,1.2322e+07
1.4136e+07,1.6579e+07,1.801e+07,1.8724e+07,1.8315e+07,1.6526e+07,1.3377e+07,1.147e+07,9.5489e+06,9.1914e+06,1.1969e+07,1.3175e+07
1.5914e+07,1.8265e+07,1.8827e+07,1.9797e+07,1.9695e+07,1.7854e+07,1.4289e+07,1.1234e+07,9.0245e+06,9.4373e+06,1.2019e+07,1.3681e+07
1.719e+07,1.9389e+07,2.1023e+07,2.1277e+07,2.1074e+07,1.8828e+07,1.5308e+07,1.2722e+07,1.1222e+07,1.1023e+07,1.242e+07,1.4746e+07
1.7653e+07,2.0513e+07,2.138e+07,2.1483e+07,2.0924e+07,1.9236e+07,1.6583e+07,1.2846e+07,1.135e+07,1.17e+07,1.3073e+07,1.5405e+07
1.842e+07,2.0515e+07,2.1229e+07,2.1992e+07,2.0975e+07,1.9034e+07,1.6277e+07,1.343e+07,1.2119e+07,1.2069e+07,1.2922e+07,1.4695e+07
1.8267e+07,2.0923e+07,2.1774e+07,2.2056e+07,2.1451e+07,1.9645e+07,1.6297e+07,1.2353e+07,1.0893e+07,1.1109e+07,1.2014e+07,1.4118e+07
1.7763e+07,1.9829e+07,2.0408e+07,2.0387e+07,2.0046e+07,1.8534e+07,1.4678e+07,1.0646e+07,8.7913e+06,8.8111e+06,1.0972e+07,1.2221e+07
1.736e+07,1.82e+07,1.8641e+07,1.8784e+07,1.7684e+07,1.6021e+07,1.234e+07,8.8689e+06,6.9805e+06,6.649e+06,1.0553e+07,1.2411e+07
1.6229e+07,1.9235e+07,2.0019e+07,1.9632e+07,1.8887e+07,1.6788e+07,1.3867e+07,1.0058e+07,8.3697e+06,8.6388e+06,1.1442e+07,1.3592e+07
1.743e+07,2.0021e+07,2.0559e+07,2.0971e+07,2.0081e+07,1.8383e+07,1.5071e+07,1.0069e+07,7.9077e+06,8.8845e+06,1.2186e+07,1.3833e+07
1.7047e+07,1.9598e+07,2.0261e+07,2.0515e+07,1.9294e+07,1.746e+07,1.452e+07,1.0924e+07,9.3187e+06,1.0139e+07,1.2167e+07,1.3631e+07
1.5825e+07,1.8558e+07,2.0097e+07,2.0011e+07,1.9155e+07,1.6559e+07,1.3414e+07,1.0607e+07,9.215e+06,9.1886e+06,1.1592e+07,1.3399e+07
1.5013e+07,1.6636e+07,1.6608e+07,1.6157e+07,1.4572e+07,1.2633e+07,1.0377e+07,7.6511e+06,6.5811e+06,6.6019e+06,8.8802e+06,1.0097e+07
1.1772e+07,1.3153e+07,1.4063e+07,1.4215e+07,1.3808e+07,1.1927e+07,9.7604e+06,7.8187e+06,5.8826e+06,6.53e+06,8.5283e+06,9.7449e+06
1.1477e+07,1.2044e+07,1.2361e+07,1.2483e+07,1.1964e+07,1.0753e+07,8.7004e+06,6.3339e+06,4.5478e+06,4.9534e+06,7.3007e+06,8.9057e+06
1.0256e+07,1.1692e+07,1.2411e+07,1.2618e+07,1.1953e+07,1.0786e+07,8.1869e+06,6.5662e+06,4.5375e+06,4.3718e+06,6.9021e+06,8.2747e+06
9.7612e+06,1.1034e+07,1.1601e+07,1.15e+07,1.1137e+07,1.0172e+07,8.578e+06,6.989e+06,5.7816e+06,5.6598e+06,6.8119e+06,8.2293e+06
9.0335e+06,9.7712e+06,9.8001e+06,9.8872e+06,9.571e+06,7.9951e+06,7.0591e+06,6.1075e+06,5.1489e+06,5.0394e+06,6.0771e+06,7.2505e+06
7.6437e+06,9.6206e+06,1.0237e+07,1.0536e+07,1.0062e+07,8.6388e+06,7.3955e+06,6.4847e+06,5.6302e+06,5.3266e+06,6.3693e+06,7.6899e+06
8.4906e+06,1.0762e+07,1.1781e+07,1.2327e+07,1.1862e+07,1.0286e+07,8.3699e+06,6.8543e+06,5.6523e+06,5.2983e+06,6.3738e+06,8.3285e+06
9.5257e+06,1.1459e+07,1.263e+07,1.2928e+07,1.2517e+07,1.1295e+07,8.9222e+06,7.45e+06,6.2542e+06,5.9909e+06,7.4896e+06,8.763e+06
1.0184e+07,1.213e+07,1.2831e+07,1.3177e+07,1.302e+07,1.2301e+07,9.4159e+06,7.8242e+06,6.7667e+06,6.2642e+06,7.9698e+06,9.2008e+06
1.1219e+07,1.2753e+07,1.311e+07,1.3267e+07,1.3058e+07,1.1774e+07,9.4014e+06,8.365e+06,7.3851e+06,7.2855e+06,8.168e+06,9.4023e+06
1.077e+07,1.2959e+07,1.3607e+07,1.4006e+07,1.4002e+07,1.3243e+07,1.0403e+07,8.4542e+06,7.8178e+06,7.572e+06,8.8024e+06,1.0137e+07
1.217e+07,1.3852e+07,1.4616e+07,1.4868e+07,1.4658e+07,1.3331e+07,1.0436e+07,9.3393e+06,8.7457e+06,8.4496e+06,9.4396e+06,1.0135e+07
1.1599e+07,1.4147e+07,1.4809e+07,1.5109e+07,1.49e+07,1.3573e+07,1.0733e+07,9.7341e+06,9.0911e+06,9.0409e+06,9.8341e+06,1.0782e+07
1.2818e+07,1.43e+07,1.4957e+07,1.5456e+07,1.515e+07,1.403e+07,1.1041e+07,8.7511e+06,7.7319e+06,7.441e+06,9.5421e+06,1.0781e+07
1.261e+07,1.5148e+07,1.5557e+07,1.5806e+07,1.5555e+07,1.4431e+07,1.1389e+07,9.8368e+06,9.1436e+06,9.1935e+06,1.0034e+07,1.1131e+07
1.3207e+07,1.5605e+07,1.6062e+07,1.6113e+07,1.5755e+07,1.4992e+07,1.1086e+07,9.4904e+06,7.9243e+06,7.7749e+06,9.7872e+06,1.1232e+07
1.4173e+07,1.6161e+07,1.6819e+07,1.7173e+07,1.6871e+07,1.5804e+07,1.214e+07,1.0579e+07,9.388e+06,9.488e+06,1.0333e+07,1.1534e+07
1.4885e+07,1.6716e+07,1.7375e+07,1.7527e+07,1.6969e+07,1.6054e+07,1.2997e+07,1.0879e+07,1.0031e+07,9.8332e+06,1.0977e+07,1.2026e+07
1.5123e+07,1.7113e+07,1.7824e+07,1.7875e+07,1.7823e+07,1.6352e+07,1.2438e+07,1.0681e+07,9.3447e+06,9.197e+06,1.0788e+07,1.2134e+07
1.5482e+07,1.7218e+07,1.7726e+07,1.8082e+07,1.7724e+07,1.6718e+07,1.3726e+07,1.1035e+07,9.8356e+06,9.983e+06,1.083e+07,1.2386e+07
1.579e+07,1.7217e+07,1.7674e+07,1.7826e+07,1.7773e+07,1.635e+07,1.3357e+07,1.0882e+07,9.8881e+06,9.7395e+06,1.123e+07,1.2528e+07
1.614e+07,1.7618e+07,1.7872e+07,1.7822e+07,1.7618e+07,1.6604e+07,1.3747e+07,1.1428e+07,1.078e+07,1.0532e+07,1.1778e+07,1.3031e+07
1.5723e+07,1.7917e+07,1.8276e+07,1.8529e+07,1.8326e+07,1.7461e+07,1.4665e+07,1.2082e+07,1.1031e+07,1.0783e+07,1.1879e+07,1.3085e+07
1.6441e+07,1.7968e+07,1.8429e+07,1.8176e+07,1.7971e+07,1.7056e+07,1.4353e+07,1.2226e+07,1.1326e+07,1.123e+07,1.1976e+07,1.3384e+07
1.6492e+07,1.792e+07,1.8531e+07,1.8786e+07,1.8429e+07,1.7358e+07,1.4608e+07,1.2032e+07,1.0885e+07,1.0488e+07,1.2078e+07,1.3887e+07
1.715e+07,1.8525e+07,1.8934e+07,1.8885e+07,1.8273e+07,1.6696e+07,1.4503e+07,1.2277e+07,1.1576e+07,1.1576e+07,1.2174e+07,1.4393e+07
1.725e+07,1.8372e+07,1.9033e+07,1.9135e+07,1.883e+07,1.7916e+07,1.4907e+07,1.3178e+07,1.2174e+07,1.1974e+07,1.2425e+07,1.4341e+07
1.7809e+07,1.8829e+07,1.8932e+07,1.9288e+07,1.893e+07,1.7712e+07,1.5723e+07,1.3581e+07,1.2426e+07,1.2374e+07,1.3031e+07,1.4646e+07
1.7707e+07,1.9085e+07,1.9543e+07,1.9543e+07,1.9134e+07,1.8015e+07,1.5363e+07,1.2877e+07,1.2325e+07,1.2124e+07,1.2675e+07,1.4292e+07
1.7657e+07,1.9133e+07,1.9694e+07,2.0104e+07,1.9594e+07,1.8319e+07,1.5669e+07,1.3631e+07,1.2626e+07,1.2424e+07,1.3532e+07,1.4595e+07
