-0.71442,-1.2003,-1.4334,-1.3853,-0.9024,0.66138,3.5743,5.9437,5.5683,3.2194,1.0806,-0.12265
-1.0386,-1.4376,-1.5758,-1.5005,-1.1398,0.061744,2.5176,4.3848,3.9005,2.0159,0.30642,-0.67184
-1.3042,-1.5796,-1.6448,-1.5924,-1.2716,-0.24421,1.8563,3.9744,3.5922,1.7638,0.2685,-0.70682
-1.332,-1.5595,-1.6359,-1.6172,-1.3462,-0.38246,1.508,3.4397,3.0738,1.278,-0.18533,-1.0404
-1.4789,-1.6601,-1.6909,-1.686,-1.467,-0.5995,1.0326,2.7465,2.3061,0.91733,-0.22748,-1.0316
-1.5742,-1.7308,-1.7483,-1.7133,-1.4761,-0.49711,1.3958,3.0719,2.598,1.1475,-0.19705,-1.1495
-1.6012,-1.7134,-1.7266,-1.6868,-1.5039,-0.78019,0.60924,2.11,1.9165,0.6437,-0.42715,-1.1758
-1.5789,-1.6752,-1.7133,-1.6848,-1.4273,-0.64034,0.70767,1.9683,1.8012,0.56539,-0.5029,-1.2921
-1.6297,-1.7302,-1.7549,-1.7239,-1.6225,-1.0776,0.082011,1.1793,1.0944,0.15178,-0.87393,-1.4671
-1.6741,-1.7548,-1.7396,-1.7203,-1.6002,-1.0335,0.061169,1.1015,0.99356,0.022455,-0.78225,-1.3896
-1.6591,-1.7573,-1.7438,-1.7178,-1.6082,-1.0787,0.15343,1.5473,1.2449,0.064403,-0.76457,-1.4062
-1.595,-1.7085,-1.7356,-1.7156,-1.5709,-1.0672,0.063833,1.3189,1.1608,0.099762,-0.75479,-1.3253
-1.6388,-1.739,-1.6808,-1.2978,-0.98505,-0.47166,0.79846,1.9866,1.6631,0.37679,-0.52444,-1.0367
-1.1337,-1.0528,-0.98743,-0.90576,-0.75503,-0.11944,1.5812,3.0924,2.5347,0.8304,-0.40991,-1.0741
-1.187,-1.178,-1.1824,-1.116,-0.97088,-0.22253,1.3835,2.8122,2.3922,0.71181,-0.53093,-1.2565
-1.3909,-1.3882,-1.3798,-1.3421,-1.1887,-0.42719,1.2168,2.802,2.4338,0.79356,-0.55544,-1.2617
-1.4359,-1.5172,-1.5385,-1.549,-1.4442,-0.65599,1.1083,2.5298,2.0022,0.54272,-0.59313,-1.2188
-1.5189,-1.701,-1.7245,-1.6899,-1.52,-0.82629,0.43424,1.5682,1.362,0.27854,-0.54397,-1.1523
-1.5409,-1.6848,-1.7132,-1.7023,-1.5296,-0.93222,0.41853,1.7307,1.4636,0.26523,-0.73902,-1.359
-1.5868,-1.6793,-1.6967,-1.6656,-1.4076,-0.61895,0.9312,2.3719,1.9337,0.59738,-0.50523,-1.2331
-1.5672,-1.6566,-1.679,-1.6507,-1.4611,-0.86114,0.47061,1.798,1.5424,0.27883,-0.6514,-1.244
-1.5634,-1.6479,-1.6528,-1.5727,-1.1808,-0.27651,1.1557,2.3566,1.9194,0.6598,-0.26523,-0.92196
-1.3841,-1.5706,-1.6494,-1.6421,-1.3616,-0.43101,1.1164,2.3004,1.9463,0.70965,-0.33347,-1.126
-1.4243,-1.5774,-1.6517,-1.6429,-1.3704,-0.50181,1.1587,2.4867,2.1016,0.83472,-0.22942,-1.097
-1.3989,-1.5653,-1.6523,-1.6565,-1.3855,-0.56952,1.1259,2.4171,1.9813,0.58853,-0.43332,-1.0932
-1.4609,-1.5886,-1.6152,-1.5768,-1.2737,-0.3461,1.1006,2.147,1.8666,0.65674,-0.36687,-1.0849
-1.4362,-1.576,-1.621,-1.6183,-1.3472,-0.51241,0.76469,2.0226,1.7595,0.53381,-0.45018,-1.0148
-1.3083,-1.4719,-1.4459,-0.93171,-0.64705,0.2416,1.6806,2.8608,2.4941,1.3529,0.34923,-0.15806
-0.24053,-0.062755,0.19998,0.47318,0.70801,1.4695,3.1854,4.2717,3.7793,2.6592,1.7779,1.3889
1.0913,1.0158,0.9028,0.90892,1.1572,2.3081,4.3311,5.5323,4.9092,3.53,2.2848,1.5111
1.1456,1.0462,0.98355,0.94803,1.328,2.8625,4.9789,6.21,5.4983,3.8824,2.5383,1.6812
1.2049,0.99214,0.82844,0.83299,1.4385,3.1809,5.7808,6.9111,6.0694,4.2118,2.6302,1.5952
0.98738,0.70396,0.6228,0.58299,1.1239,3.0648,5.8019,7.0464,6.3921,4.4864,2.8001,1.7588
1.0787,0.71671,0.53103,0.59461,1.2432,3.2772,6.2623,7.6467,6.69,4.5559,2.8372,1.6739
0.91312,0.49544,0.30378,0.31526,0.87211,2.6917,5.9049,7.4012,6.5197,4.5948,2.6581,1.4451
0.713,0.28964,0.11761,0.2033,0.86518,2.7155,5.5238,7.1618,6.3825,4.386,2.4874,1.1704
0.56576,0.16621,-0.018319,-0.037946,0.60462,2.5407,5.4916,7.0211,6.2451,4.2796,2.2079,0.82633
0.082198,-0.1625,-0.25066,-0.20328,0.43371,2.3334,4.7646,6.3881,5.7754,3.9551,2.1345,0.75337
-0.020854,-0.38516,-0.54257,-0.476,0.16939,2.1008,4.9574,6.2924,5.4465,3.6645,1.8652,0.45343
-0.40515,-0.74956,-0.79962,-0.79489,-0.35179,1.2513,3.9033,5.6127,5.0263,3.1505,1.3917,0.10255
-0.65735,-0.92988,-0.97717,-0.9618,-0.63699,0.52033,2.6376,4.3502,4.0025,2.396,0.80728,-0.29713
-0.88434,-1.1574,-1.1381,-1.0804,-0.76548,0.37455,2.3229,3.7503,3.4971,2.0061,0.56896,-0.43124
-1.0122,-1.2366,-1.3431,-1.3296,-0.98184,0.068753,1.7263,3.2081,2.9739,1.5453,0.13209,-0.74615
-1.2267,-1.4055,-1.4715,-1.4601,-1.1216,-0.090389,1.6506,3.1667,3.1078,1.7115,0.17823,-0.74442
-1.2318,-1.4209,-1.474,-1.4378,-1.1182,-0.06973,1.6685,3.1044,3.0194,1.5559,0.095416,-0.76841
-1.2479,-1.4587,-1.5326,-1.4643,-1.103,-0.14292,1.3363,2.7665,2.5037,1.1712,-0.1233,-0.90103
-1.3369,-1.5211,-1.5507,-1.4492,-1.0893,-0.094392,1.5287,2.8357,2.515,1.4323,0.14693,-0.78783
-1.2263,-1.4176,-1.4818,-1.5072,-1.2339,-0.25075,1.4595,2.7649,2.6112,1.4217,-0.17668,-1.017
-1.4114,-1.5605,-1.6133,-1.5841,-1.2703,-0.33789,1.1808,2.4919,2.5349,1.3534,0.006253,-0.96679
-1.3832,-1.5191,-1.5719,-1.5637,-1.278,-0.20604,1.5975,3.0817,2.7945,1.3453,-0.047828,-0.95227
-1.3776,-1.5004,-1.575,-1.5657,-1.2751,-0.27471,1.5107,2.9683,2.6176,1.3019,0.049305,-0.8424
-1.3104,-1.4963,-1.5492,-1.5342,-1.2075,-0.0739,1.6022,2.775,2.6724,1.3711,0.18864,-0.76701
-1.2773,-1.453,-1.4759,-1.4349,-1.1439,0.003627,1.7413,3.0293,2.7439,1.4306,0.091719,-0.77343
-1.2575,-1.382,-1.4264,-1.3598,-0.95063,0.013618,1.599,2.8268,2.6015,1.336,0.12957,-0.77353
-1.1995,-1.3582,-1.4217,-1.3731,-1.1805,-0.19097,1.4995,2.7098,2.4148,1.2416,0.1001,-0.79145
-1.2446,-1.3796,-1.4346,-1.4362,-1.1972,-0.24253,1.3031,2.489,2.2499,1.074,-0.064539,-0.91688
-1.3495,-1.4842,-1.5477,-1.5499,-1.3157,-0.36223,1.2321,2.4116,2.2711,0.99927,-0.23585,-1.1467
-1.5153,-1.5867,-1.6246,-1.545,-1.3388,-0.65785,0.7672,1.8458,1.8529,0.76284,-0.41143,-1.0836
-1.4128,-1.4273,-1.4178,-1.3793,-1.2335,-0.52048,0.82348,2.1805,1.8299,0.71672,-0.24319,-0.87274
-1.1358,-1.1889,-1.206,-1.1634,-1.0354,-0.26412,1.3328,2.5322,2.1622,1.0574,-0.018327,-0.78964
-1.1032,-1.1522,-1.159,-1.1595,-1.0014,-0.23375,1.3018,2.5542,2.2947,1.2052,-0.024896,-0.82381
-1.1739,-1.2366,-1.2754,-1.278,-1.0286,-0.12657,1.284,2.4759,2.2133,1.0549,-0.053842,-0.88427
-1.2319,-1.3657,-1.4256,-1.4278,-1.2211,-0.53101,0.76504,2.0335,1.7458,0.64995,-0.41165,-1.1803
-1.4605,-1.5289,-1.5271,-1.5266,-1.3598,-0.55638,1.0307,2.3728,2.0371,0.77362,-0.30242,-1.0964
-1.4817,-1.566,-1.6077,-1.628,-1.506,-0.87485,0.43275,1.8237,1.6462,0.55092,-0.57133,-1.2755
-1.5705,-1.6642,-1.7421,-1.7505,-1.6583,-1.1805,-0.13132,0.96769,0.88617,0.044644,-0.87379,-1.4451
-1.6875,-1.7561,-1.7752,-1.774,-1.7001,-1.2279,-0.34534,0.58751,0.69695,-0.068123,-0.93238,-1.4914
-1.7351,-1.7731,-1.7808,-1.7747,-1.6896,-1.2082,-0.21203,0.79277,0.7489,-0.10049,-0.92818,-1.4971
-1.7332,-1.7817,-1.7841,-1.7768,-1.7451,-1.4595,-0.4857,0.4523,0.44206,-0.26075,-1.0074,-1.5848
-1.7717,-1.7813,-1.7822,-1.7729,-1.7267,-1.344,-0.37335,0.55996,0.50657,-0.26138,-1.0633,-1.5401
-1.7515,-1.7858,-1.7847,-1.7758,-1.7464,-1.5029,-0.6184,0.33344,0.33703,-0.38011,-1.1292,-1.5928
-1.7694,-1.7809,-1.7743,-1.7734,-1.7297,-1.3881,-0.48702,0.34426,0.37465,-0.32909,-1.0991,-1.578
-1.7694,-1.7834,-1.7794,-1.7729,-1.7266,-1.4389,-0.52265,0.40359,0.358,-0.27072,-1.0755,-1.5502
-1.7386,-1.7843,-1.7828,-1.7735,-1.7208,-1.3665,-0.4415,0.4153,0.3394,-0.40369,-1.0598,-1.5421
-1.7664,-1.7811,-1.7786,-1.7746,-1.739,-1.4465,-0.52378,0.40216,0.37518,-0.2859,-0.99923,-1.5066
-1.7144,-1.7638,-1.7753,-1.7711,-1.7042,-1.2143,-0.041138,0.87005,0.82588,-0.099805,-0.92255,-1.4843
-1.7142,-1.754,-1.7684,-1.752,-1.628,-1.0784,0.11941,0.91759,0.81941,0.0018871,-0.90605,-1.4548
-1.7098,-1.7793,-1.7826,-1.7738,-1.7057,-1.335,-0.33682,0.48474,0.4386,-0.35364,-1.0545,-1.5706
-1.7256,-1.7735,-1.7754,-1.7616,-1.6628,-1.2123,-0.22039,0.72402,0.62777,-0.14365,-0.85154,-1.4222
-1.6952,-1.7742,-1.7823,-1.779,-1.7372,-1.3952,-0.56135,0.34233,0.29572,-0.36466,-1.1056,-1.6086
-1.7749,-1.7841,-1.7828,-1.7758,-1.7095,-1.301,-0.24107,0.69426,0.50487,-0.35303,-1.0375,-1.5529
-1.7576,-1.7819,-1.7813,-1.773,-1.7256,-1.3435,-0.35266,0.56757,0.43647,-0.28165,-1.1063,-1.6115
-1.7467,-1.7852,-1.7834,-1.7725,-1.7094,-1.3493,-0.20256,0.80845,0.78828,0.0042091,-0.97747,-1.519
-1.7221,-1.7617,-1.7758,-1.7488,-1.6253,-1.15,-0.14888,0.75333,0.76663,-0.117,-0.88439,-1.4201
-1.6644,-1.7414,-1.7496,-1.7515,-1.657,-1.1275,-0.054554,0.92424,0.81094,-0.092619,-0.87783,-1.443
-1.6949,-1.7638,-1.7682,-1.7657,-1.7059,-1.281,-0.27326,0.58162,0.59699,-0.15439,-0.9568,-1.5184
-1.7301,-1.7699,-1.7714,-1.7585,-1.7032,-1.3404,-0.34512,0.59602,0.50838,-0.32442,-1.0651,-1.5473
-1.7335,-1.7707,-1.7699,-1.768,-1.7192,-1.3166,-0.36362,0.62514,0.59684,-0.076987,-0.88955,-1.4368
-1.6754,-1.7467,-1.7593,-1.7492,-1.63,-1.1023,-0.035537,0.78109,0.69307,-0.093096,-0.87246,-1.4095
-1.6281,-1.6992,-1.7418,-1.7332,-1.568,-0.85508,0.37986,1.2942,1.179,0.18262,-0.69972,-1.3906
-1.6585,-1.7332,-1.7655,-1.7601,-1.6708,-1.2469,-0.12189,0.94866,0.91733,0.00085644,-0.84434,-1.4766
