33.8,38.088,40.531,31.136,38.11,31.676,33.215,35.933,28.549,29.886,33.211,34.06
34.143,37.198,36.902,32.756,33.323,39.396,30.477,28.177,26.589,31.469,33.273,35.559
35.076,33.292,36.139,38.878,33.751,37.646,31.373,30.799,28.249,29.645,31.751,32.651
32.86,33.38,37.441,31.079,36.581,37.403,31.339,28.965,29.755,28.289,32.075,33.419
33.966,38.048,36.807,38.59,31.302,33.811,33.753,28.953,26.444,30.709,29.28,28.345
34.349,32.936,37.632,38.148,37.669,35.663,31.743,29.798,27.717,30.024,31.168,32.596
36.423,34.258,38.058,36.233,30.445,38.274,29.599,29.449,27.82,28.719,32.163,37.116
36.904,41.938,40.322,38.291,34.229,36.172,34.996,31.677,29.507,26.83,33.12,33.982
41.098,36.92,38.415,38.647,37.273,36.417,33.117,29.823,29.999,29.149,29.511,32.665
36.67,39.949,40.165,36.286,34.387,34.995,34.673,29.852,25.15,28.84,29.935,31.633
34.156,35.401,42.315,35.698,32.203,34.244,30.93,30.583,26.706,28.599,33.822,29.925
33.516,38.324,40.52,35.618,35.855,34.056,31.889,29.321,28.461,28.98,28.323,31.128
35.33,38.342,43.846,40.249,36.96,37.471,32.667,29.532,27.556,25.426,29.338,33.107
39.619,39.886,39.587,39.146,41.918,36.95,33.048,29.19,28.795,32.526,32.831,33.783
33.665,35.447,39.183,39.408,38.715,35.162,27.592,28.759,27.249,31,26.016,29.034
38.854,42.909,42.63,39.181,37.425,38.247,29.987,28.591,29.458,29.262,28.157,30.527
31.27,32.616,42.141,42.296,34.124,38.065,28.422,26.525,27.282,29.589,32.651,31.056
32.654,36.166,39.666,40.118,36.965,34.097,34.373,29.376,29.923,31.337,32.27,32.228
29.187,39.624,36.424,37.615,31.916,38.397,33.924,30.156,27.91,30.478,31.375,35.967
38.993,42.824,35.405,38.731,37.589,37.193,33.01,29.273,29.469,32.03,33.328,31.301
35.391,30.265,39.926,39.861,39.044,37.835,33.036,30.772,28.713,33.19,32.512,29.42
29.953,31.854,37.591,37.044,36.029,34,29.894,28.684,28.87,30.817,37.484,29.043
32.719,34.618,36.97,38.914,36.568,37.746,33.074,29.914,28.227,30.012,32.808,35.909
38.535,34.939,38.062,37.904,34.478,37.215,34.841,28.764,29.459,33.508,35.283,34.288
36.228,39.971,43.301,39.378,37.904,37.588,27.595,28.875,28.603,32.43,33.784,31.317
35.247,34.933,36.444,38.174,37.159,35.721,31.472,29.777,29.53,26.905,28.897,33.745
30.697,33.002,40.135,43.741,36.315,34.619,33.35,31.015,30.089,32.182,33.394,26.951
33.623,34.713,35.249,37.283,33.656,32.836,34.937,32.125,29.713,31.465,31.04,32.104
36.484,31.392,38.555,41.335,39.343,34.418,37.278,27.92,29.128,29.452,29.666,31.258
35.884,33.108,35.893,39.123,39.4,37.038,32.182,30.168,28.07,28.434,32.359,28.456
29.81,33.957,35.197,39.168,39.872,37.205,33.277,30.559,28.591,28.437,30.939,33.012
37.735,36.863,38.454,40.534,37.258,37.681,31.812,28.776,27.242,29.709,31.551,31.575
33.546,34.689,38.726,38.679,32.481,35.928,34.399,28.944,25.52,30.173,31.475,32.946
34.649,32.483,38.532,41.898,39.63,34.187,32.58,30.578,27.877,29.188,32.034,33.177
35.048,33.183,35.633,39.466,38.001,34.86,32.879,28.998,27.657,27.078,31.735,31.613
30.699,33.539,35.925,36.559,40.247,35.586,30.398,28.772,28.75,31.953,29.173,32.485
35.015,33.265,37.542,39.583,38.197,37.05,30.611,29.545,26.867,31.112,31.453,30.383
32.875,35.177,38.133,38.17,39.188,37.297,30.195,30.046,27.165,30.787,32.657,31.509
36.857,40.36,38.743,38.371,38.002,33.804,31.771,30.944,30.498,29.464,27.489,22.712
32.314,36.97,33.552,34.884,33.458,36.078,33.882,27.153,30.075,32.115,34.166,34.671
34.336,35.109,36.294,36.557,32.816,33.691,32.759,30.113,26.035,29.391,30.067,27.625
30.53,30.977,33.845,40.382,35.463,35.15,31.875,29.247,28.582,29.623,31.921,32.249
33.117,32.903,38.29,39.089,35.786,34.841,30.222,28.892,25.836,26.457,28.285,24.342
32.241,34.726,41.436,39.797,36.979,37.387,33.196,31.274,27.262,31.036,29.128,29.164
35.201,32.499,32.58,34.348,39.501,36.272,29.552,27.828,27.733,31.269,31.832,27.243
26.356,27.062,33.407,39.659,34.314,34.351,30.16,27.332,25.662,26.206,30.332,26.504
31.749,31.207,35.059,36.8,36.62,34.567,32.215,26.797,25.763,24.36,28.032,27.758
31.833,38.24,37.957,42.16,38.222,36.542,33.614,27.067,24.798,30.201,34.325,28.3
31.678,36.058,35.593,36.877,39.641,36.164,29.012,27.489,23.148,29.227,30.86,29.881
30.009,28.307,36.633,36.784,33.924,36.011,29.439,25.706,25.894,30.562,27.811,28.504
32.185,29.427,35.714,39.566,34.71,33.071,32.876,30.478,25.361,27.659,29.466,27.069
34.22,33.538,31.969,38.411,37.307,33.952,31.095,28.298,27.301,30.404,31.086,32.117
26.355,33.158,34.774,38.066,41.691,36.018,28.539,26.451,25.821,28.737,28.962,25.811
29.823,37.075,41.695,38.753,38.765,36.269,27.834,29.633,23.595,25.755,29.55,28.081
31.08,32.33,38.122,37.218,39.264,36.365,27.626,26.151,22.818,29.581,28.019,28.019
30.889,34.324,34.449,39.13,39.349,32.711,34.316,26.157,28.159,27.556,29.158,30.267
28.093,31.788,35.582,37.82,30.78,35.71,32.472,28.066,27.215,31.634,34.502,33.447
32.288,33.683,31.124,37.75,40.739,35.903,32.177,26.55,22.718,26.479,27.618,29.833
32.593,32.109,37.621,34.675,38.95,35.638,31.551,26.256,26.606,27.38,29.833,27.053
27.988,29.384,34.8,34.491,32.264,30.67,28.847,29.687,25.24,28.602,29.265,31.827
38,35.128,33.081,41.826,34.361,40.61,29.783,29.139,26.56,30.267,27.962,31.316
37.195,33.868,39.071,37.311,35.286,37.408,32.733,30.109,23.75,26.613,31.153,30.415
