1.0268e-08,9.0813e-09,8.5822e-09,7.7448e-09,3.2957e-09,8.6397e-10,5.0912e-10,4.655e-10,9.3885e-10,2.8571e-09,6.0882e-09,1.0031e-08
9.9921e-09,9.9942e-09,9.0536e-09,7.5496e-09,3.4932e-09,9.3116e-10,5.0992e-10,6.159e-10,1.4901e-09,3.7479e-09,6.0422e-09,8.7736e-09
9.5549e-09,8.9228e-09,8.5491e-09,8.052e-09,3.3897e-09,1.0209e-09,4.3759e-10,5.8444e-10,1.3588e-09,2.9907e-09,6.2425e-09,9.0676e-09
9.4258e-09,8.6475e-09,8.8782e-09,7.1861e-09,3.9465e-09,9.5428e-10,4.9608e-10,8.796e-10,1.9211e-09,3.9399e-09,7.5267e-09,8.9294e-09
9.9938e-09,8.5528e-09,9.512e-09,7.7112e-09,3.7742e-09,8.9707e-10,5.3618e-10,7.6031e-10,1.5844e-09,4.0324e-09,7.6421e-09,9.6603e-09
8.6163e-09,9.8233e-09,8.1492e-09,7.8045e-09,2.8347e-09,1.1863e-09,4.698e-10,7.8273e-10,1.8443e-09,3.9972e-09,7.1087e-09,9.1471e-09
8.3939e-09,9.7941e-09,8.4e-09,7.9231e-09,3.2716e-09,9.585e-10,4.1634e-10,5.9347e-10,1.3457e-09,4.2932e-09,6.6798e-09,7.9145e-09
1.0035e-08,9.0683e-09,8.4901e-09,7.5542e-09,4.0856e-09,9.6141e-10,4.7457e-10,6.5366e-10,1.3162e-09,3.4462e-09,7.0318e-09,8.4803e-09
8.9558e-09,9.6287e-09,9.1289e-09,5.5956e-09,2.9687e-09,5.4907e-10,4.1357e-10,6.3926e-10,1.1305e-09,3.2626e-09,6.1007e-09,8.3218e-09
1.0104e-08,9.6812e-09,7.5189e-09,7.0689e-09,2.5836e-09,7.1487e-10,3.3562e-10,3.61e-10,8.0589e-10,2.8541e-09,6.44e-09,8.0839e-09
9.4161e-09,9.7738e-09,8.9405e-09,6.678e-09,2.714e-09,6.1343e-10,4.6954e-10,7.3658e-10,1.441e-09,3.4064e-09,7.1433e-09,9.2439e-09
1.0877e-08,1.0153e-08,9.2353e-09,6.9903e-09,3.6093e-09,7.1612e-10,3.9066e-10,4.0609e-10,1.0956e-09,3.1553e-09,5.5199e-09,9.0286e-09
1.0241e-08,8.9652e-09,8.9077e-09,7.7352e-09,2.7317e-09,7.8494e-10,3.3626e-10,4.0334e-10,8.3693e-10,3.5858e-09,5.9512e-09,7.8706e-09
1.0113e-08,9.388e-09,7.6704e-09,6.1588e-09,2.9734e-09,7.152e-10,4.5571e-10,3.6045e-10,1.1011e-09,2.4785e-09,5.694e-09,8.2698e-09
9.4755e-09,9.7123e-09,9.4166e-09,6.8017e-09,2.6985e-09,1.0367e-09,4.0774e-10,6.0786e-10,1.2589e-09,3.2814e-09,5.8618e-09,9.4768e-09
9.0981e-09,9.7511e-09,9.2261e-09,7.4065e-09,4.1061e-09,5.3768e-10,2.2521e-10,5.3833e-10,1.218e-09,3.6536e-09,6.2185e-09,9.5621e-09
9.1049e-09,1.0585e-08,8.8287e-09,7.0039e-09,4.2911e-09,7.8425e-10,4.3485e-10,7.7489e-10,1.4573e-09,3.6642e-09,7.2915e-09,8.828e-09
9.9647e-09,1.0746e-08,8.7962e-09,7.1589e-09,3.3592e-09,1.019e-09,5.2955e-10,7.3911e-10,1.5362e-09,3.609e-09,6.9439e-09,8.7165e-09
1.0418e-08,9.0589e-09,9.5945e-09,6.7452e-09,4.1807e-09,5.3874e-10,2.744e-10,3.9431e-10,1.0452e-09,3.2099e-09,6.7614e-09,9.0688e-09
9.1934e-09,9.1221e-09,8.9558e-09,6.5173e-09,3.0307e-09,9.8132e-10,4.1108e-10,6.6073e-10,1.5039e-09,3.5832e-09,6.7342e-09,8.5555e-09
9.9579e-09,8.7123e-09,9.1882e-09,7.0758e-09,3.76e-09,6.9035e-10,4.6188e-10,7.3784e-10,1.5619e-09,3.6488e-09,6.9252e-09,9.6336e-09
9.445e-09,8.7918e-09,9.5824e-09,7.5089e-09,3.7422e-09,1.0826e-09,4.5434e-10,7.2274e-10,1.4362e-09,4.1186e-09,7.0647e-09,9.0926e-09
1.0041e-08,9.8445e-09,8.376e-09,6.7751e-09,3.3339e-09,7.2816e-10,2.27e-10,5.3857e-10,1.1123e-09,3.6687e-09,5.9e-09,8.315e-09
8.5394e-09,8.8289e-09,8.9977e-09,6.811e-09,3.3765e-09,6.7686e-10,2.633e-10,4.8353e-10,1.1285e-09,3.2237e-09,6.041e-09,8.8464e-09
9.3461e-09,1.039e-08,8.4534e-09,6.6805e-09,3.4992e-09,7.0345e-10,3.7358e-10,5.0716e-10,9.9223e-10,2.8941e-09,5.2223e-09,8.0907e-09
8.4981e-09,7.7892e-09,9.5548e-09,7.2497e-09,2.7412e-09,4.529e-10,2.9945e-10,3.9746e-10,8.9301e-10,2.8983e-09,5.6234e-09,8.7811e-09
8.9045e-09,9.5888e-09,8.8142e-09,6.629e-09,2.5007e-09,1.2156e-09,4.0784e-10,4.9079e-10,1.6006e-09,3.7093e-09,6.1581e-09,9.7736e-09
8.736e-09,8.6195e-09,9.4493e-09,6.1423e-09,4.2049e-09,5.3316e-10,3.0204e-10,7.2266e-10,1.3755e-09,3.1332e-09,6.5354e-09,8.2896e-09
8.819e-09,9.2087e-09,8.6777e-09,5.8652e-09,2.7567e-09,5.1048e-10,1.0919e-10,1.4503e-10,4.5708e-10,2.0478e-09,5.082e-09,8.3735e-09
9.2258e-09,9.25e-09,8.0252e-09,7.6768e-09,4.9083e-09,1.2172e-09,4.1495e-10,6.4879e-10,1.4983e-09,3.6967e-09,6.5309e-09,8.7027e-09
8.6732e-09,9.229e-09,8.1373e-09,6.2253e-09,4.1522e-09,6.1014e-10,1.491e-10,4.8885e-10,1.0139e-09,2.9118e-09,6.0333e-09,8.6532e-09
9.0208e-09,9.4423e-09,9.8068e-09,6.7975e-09,2.672e-09,9.9444e-10,4.0919e-10,7.0976e-10,1.2708e-09,3.2891e-09,6.8056e-09,8.5908e-09
9.6907e-09,8.1478e-09,9.4067e-09,5.0832e-09,3.3611e-09,5.5729e-10,1.4838e-10,1.2389e-10,8.2761e-10,2.4913e-09,5.1928e-09,8.14e-09
1.0277e-08,8.4209e-09,9.299e-09,6.1845e-09,2.457e-09,4.2181e-10,5.4298e-11,2.6685e-11,5.3236e-10,2.1099e-09,4.8701e-09,8.3561e-09
9.2033e-09,1.0449e-08,9.3753e-09,6.8538e-09,3.4533e-09,5.1141e-10,7.3319e-11,5.9623e-11,5.1601e-10,2.099e-09,5.3938e-09,8.1128e-09
9.55e-09,9.1527e-09,8.4951e-09,4.9781e-09,2.5137e-09,7.2189e-10,2.8867e-10,3.7354e-10,6.9971e-10,2.3776e-09,4.7892e-09,8.6779e-09
9.6597e-09,9.0178e-09,8.2995e-09,6.8712e-09,3.3864e-09,9.7607e-10,4.2925e-10,4.1112e-10,8.0275e-10,2.4469e-09,5.8583e-09,7.1618e-09
8.9129e-09,9.8718e-09,9.2754e-09,6.9982e-09,3.3553e-09,1.2566e-09,4.4148e-10,4.7829e-10,1.0671e-09,3.5181e-09,6.1725e-09,8.4612e-09
8.8231e-09,9.3708e-09,9.9302e-09,6.9944e-09,4.0991e-09,3.6868e-10,3.8057e-10,5.8878e-10,1.2363e-09,3.2326e-09,5.8136e-09,8.2546e-09
9.6285e-09,9.6514e-09,8.7922e-09,6.8482e-09,2.9507e-09,1.0573e-09,4.7196e-10,6.4381e-10,1.4539e-09,3.5243e-09,6.8647e-09,9.8789e-09
