9.7198e-09,9.2654e-09,8.6613e-09,7.7249e-09,4.1107e-09,8.8644e-10,3.0188e-10,3.177e-10,6.3066e-10,2.449e-09,5.9378e-09,9.1797e-09
1.001e-08,9.5953e-09,9.6762e-09,8.2501e-09,3.2123e-09,8.6313e-10,3.1941e-10,2.777e-10,1.0013e-09,2.5464e-09,5.1457e-09,8.941e-09
1.0256e-08,8.8191e-09,9.3717e-09,7.2945e-09,3.7269e-09,4.9835e-10,2.4549e-10,2.5318e-10,5.0901e-10,2.2107e-09,5.006e-09,8.305e-09
9.8942e-09,9.9288e-09,9.9672e-09,6.7426e-09,2.7502e-09,4.9984e-10,1.1849e-10,3.7194e-11,5.9525e-10,2.5243e-09,5.5783e-09,7.9183e-09
8.936e-09,9.1377e-09,9.6486e-09,6.4122e-09,2.4694e-09,5.9071e-10,2.1523e-10,2.6031e-11,3.6087e-10,1.1841e-09,5.015e-09,7.4019e-09
9.6988e-09,1.0547e-08,8.3562e-09,7.5667e-09,2.8562e-09,6.7639e-10,7.6161e-11,3.2273e-11,3.2447e-10,1.5537e-09,4.4647e-09,7.1542e-09
9.3858e-09,9.2364e-09,9.0997e-09,6.4652e-09,3.3268e-09,4.1761e-10,1.6678e-10,2.0007e-11,4.7692e-10,1.6473e-09,4.2222e-09,6.6297e-09
7.9218e-09,9.4402e-09,7.9408e-09,5.9081e-09,2.3098e-09,4.5864e-10,2.9409e-11,3.6356e-12,2.3068e-10,9.5409e-10,3.0662e-09,6.5502e-09
8.6153e-09,8.6192e-09,8.4677e-09,5.373e-09,2.7551e-09,3.8969e-10,1.0573e-10,1.7757e-11,2.8632e-10,1.1693e-09,3.269e-09,6.9092e-09
8.1235e-09,8.9829e-09,8.5124e-09,5.9416e-09,2.5242e-09,6.5855e-10,1.0507e-10,1.9458e-11,3.5166e-10,1.287e-09,3.7049e-09,6.5793e-09
7.8078e-09,9.7199e-09,8.3212e-09,6.0203e-09,2.2074e-09,2.34e-10,1.0745e-11,5.35e-15,7.3885e-11,9.3836e-10,3.992e-09,6.5113e-09
7.615e-09,8.6546e-09,7.7592e-09,6.2152e-09,2.3528e-09,3.8247e-10,1.0728e-11,1.2669e-14,1.7918e-10,8.0637e-10,3.5834e-09,6.5948e-09
8.6792e-09,9.3247e-09,7.5521e-09,5.9272e-09,1.3048e-09,9.7747e-11,3.0619e-14,2.2666e-15,7.9903e-15,1.937e-10,2.3859e-09,5.9563e-09
6.869e-09,7.0163e-09,6.717e-09,3.7438e-09,1.3527e-09,1.4569e-10,1.9784e-16,3.289e-15,1.879e-13,1.879e-10,1.6667e-09,5.3826e-09
6.3798e-09,7.1767e-09,7.6112e-09,4.9692e-09,1.453e-09,2.2341e-10,7.6205e-13,1.5618e-15,1.8127e-12,7.5746e-10,2.6209e-09,5.4121e-09
6.9518e-09,7.8318e-09,8.5754e-09,4.7391e-09,1.5009e-09,1.6513e-10,4.3511e-12,6.9347e-15,8.1895e-12,4.9308e-10,1.7976e-09,5.0433e-09
5.4179e-09,7.1408e-09,7.6942e-09,4.0501e-09,1.2637e-09,1.3669e-10,2.2896e-16,1.1158e-15,2.9792e-15,1.7178e-10,1.126e-09,4.6288e-09
7.6298e-09,7.0125e-09,7.2706e-09,3.8553e-09,1.6921e-09,1.2761e-10,3.2245e-15,1.537e-15,2.3003e-11,3.6147e-10,9.1721e-10,4.3878e-09
6.3413e-09,7.1996e-09,8.3617e-09,3.5929e-09,1.7706e-09,1.1602e-10,3.2075e-15,5.1271e-15,1.4309e-11,1.2528e-10,1.3717e-09,4.555e-09
5.6631e-09,6.6943e-09,6.8235e-09,4.4125e-09,9.5262e-10,1.1904e-10,7.1813e-16,1.112e-15,5.8012e-15,1.6258e-10,1.1934e-09,4.3338e-09
6.3195e-09,6.8689e-09,6.2872e-09,3.8242e-09,9.4189e-10,7.8436e-11,2.6218e-16,1.0315e-15,3.4619e-15,6.358e-11,1.0475e-09,2.5941e-09
4.3142e-09,6.2081e-09,4.8107e-09,3.3768e-09,7.8137e-10,1.647e-11,1.7021e-16,2.2967e-16,6.3135e-15,7.3062e-12,6.8085e-10,2.9789e-09
5.0372e-09,4.7556e-09,4.3167e-09,2.2805e-09,5.8042e-10,1.8195e-14,3.0923e-16,1.5604e-15,1.8134e-15,2.3912e-11,6.6367e-10,1.8859e-09
3.4345e-09,5.6316e-09,3.3114e-09,1.7075e-09,6.0118e-10,1.7659e-14,7.9375e-17,5.9006e-16,4.6391e-15,5.6509e-15,1.2616e-10,1.583e-09
3.0151e-09,4.0132e-09,3.6143e-09,1.7714e-09,7.4459e-11,9.2894e-17,4.6124e-17,3.0223e-16,6.8096e-15,3.7503e-15,1.5787e-10,1.3663e-09
2.5518e-09,4.2541e-09,3.2974e-09,2.4613e-09,1.9783e-10,1.8024e-16,4.0945e-17,6.6613e-16,3.9054e-15,5.2004e-12,2.872e-10,2.0763e-09
3.136e-09,4.3607e-09,3.5271e-09,1.9485e-09,2.931e-10,4.0561e-16,3.9449e-17,7.2604e-16,5.7311e-15,8.0205e-14,2.4967e-10,1.6481e-09
3.1053e-09,3.8674e-09,3.6534e-09,1.5315e-09,3.4831e-10,1.1175e-15,2.1629e-16,5.6577e-16,3.3736e-15,2.4851e-11,1.9984e-10,1.9279e-09
3.4664e-09,4.6956e-09,4.5437e-09,1.7745e-09,3.1025e-10,6.4129e-17,2.7542e-17,3.2415e-16,6.186e-16,2.598e-15,8.2188e-11,1.3339e-09
2.9371e-09,2.9234e-09,4.6938e-09,1.0979e-09,1.117e-11,9.5138e-16,1.7996e-16,2.1147e-16,1.8068e-15,1.2548e-14,1.5916e-10,1.0439e-09
2.2771e-09,3.7968e-09,3.1484e-09,1.8607e-09,2.3373e-10,9.0586e-17,8.0702e-17,2.9502e-16,1.2514e-15,9.5612e-15,1.5406e-10,1.4238e-09
2.4875e-09,3.6046e-09,3.2325e-09,1.4326e-09,2.9909e-10,2.8487e-15,2.1758e-16,6.2298e-16,2.9943e-15,3.2104e-12,1.8425e-10,1.1553e-09
2.2882e-09,4.2592e-09,3.6981e-09,9.7717e-10,3.0051e-10,4.1527e-15,7.025e-17,5.4881e-16,1.9133e-15,2.5136e-13,2.0469e-10,1.073e-09
2.6894e-09,3.4928e-09,3.5086e-09,1.9793e-09,2.5823e-10,8.1816e-14,1.473e-16,3.6978e-16,4.3163e-15,1.4353e-12,2.0478e-10,2.0084e-09
3.2445e-09,4.6351e-09,4.5128e-09,2.1605e-09,4.2015e-10,5.0295e-16,2.4269e-16,3.7057e-16,2.6157e-15,2.4307e-15,8.1456e-11,1.2101e-09
2.4375e-09,3.8443e-09,3.6545e-09,1.6795e-09,3.6974e-10,4.4271e-16,2.0096e-16,2.7131e-16,4.1459e-15,1.0254e-14,1.024e-10,1.0369e-09
2.6754e-09,4.677e-09,3.8368e-09,1.5824e-09,3.4853e-10,2.6783e-15,1.6155e-16,2.9323e-16,2.7235e-15,2.314e-11,3.0613e-10,1.7358e-09
2.9876e-09,3.956e-09,3.5765e-09,1.4621e-09,1.1091e-10,6.8807e-16,9.9765e-17,2.1973e-16,7.6276e-15,4.4329e-15,1.5478e-10,1.4501e-09
3.1396e-09,4.2343e-09,3.9853e-09,1.8813e-09,2.4003e-10,4.3254e-16,9.0897e-17,4.4241e-16,1.9454e-15,4.2715e-15,8.6753e-11,1.1624e-09
2.09e-09,3.6373e-09,2.4437e-09,1.043e-09,2.2235e-10,1.7425e-16,6.6863e-17,6.1846e-16,4.7911e-15,2.1085e-13,1.7714e-10,1.2831e-09
2.787e-09,3.8149e-09,3.1319e-09,1.136e-09,4.5431e-11,9.5167e-17,9.03e-17,6.5643e-17,1.2925e-15,2.9759e-15,3.3553e-11,6.8221e-10
2.3959e-09,2.7382e-09,2.4008e-09,7.6926e-10,3.946e-11,1.7766e-16,1.901e-16,4.5673e-16,4.7059e-15,3.0275e-15,2.4438e-11,5.4309e-10
2.067e-09,2.7603e-09,2.1482e-09,9.5782e-10,5.7987e-11,2.1753e-16,7.8279e-17,1.9505e-16,1.2597e-15,2.5632e-15,1.4068e-11,9.7622e-10
2.6174e-09,2.9846e-09,3.5827e-09,1.0843e-09,8.2078e-11,5.6644e-16,3.9972e-16,1.0543e-16,1.956e-15,6.9067e-15,1.2748e-10,7.7089e-10
2.7439e-09,3.1675e-09,3.4887e-09,1.4937e-09,2.1997e-10,1.9855e-16,1.6933e-16,3.0155e-16,1.546e-15,1.0479e-14,9.4028e-11,1.5565e-09
2.3739e-09,3.1409e-09,3.922e-09,1.6338e-09,5.0674e-10,7.0364e-16,2.9592e-16,3.8757e-16,1.6663e-15,4.9358e-15,1.6691e-10,1.2087e-09
2.276e-09,3.5579e-09,2.4209e-09,1.3623e-09,7.7914e-11,2.1516e-16,2.3607e-16,8.6679e-16,2.1331e-15,9.913e-15,1.7067e-11,7.6528e-10
2.2945e-09,2.6123e-09,2.978e-09,1.0013e-09,4.1204e-11,1.659e-16,6.2118e-17,1.0713e-15,2.1715e-15,8.0961e-13,5.8751e-11,1.0888e-09
2.0505e-09,3.1647e-09,3.3679e-09,1.6403e-09,5.8254e-11,1.2344e-16,9.2654e-17,1.2794e-16,2.3788e-15,4.4775e-15,1.0601e-10,9.8147e-10
2.0256e-09,3.2747e-09,1.8136e-09,1.0246e-09,2.2364e-12,6.1897e-17,1.4767e-17,3.9934e-16,1.7605e-15,4.9542e-15,2.1181e-14,6.0181e-10
1.6196e-09,2.7784e-09,1.9274e-09,7.1581e-10,1.8154e-10,3.8958e-16,8.017e-17,2.0473e-16,3.6213e-15,3.5872e-15,4.7792e-11,9.6248e-10
2.0554e-09,3.3995e-09,2.8441e-09,1.6213e-09,5.7692e-11,2.5028e-16,2.9737e-17,5.3183e-16,3.0365e-15,2.158e-15,8.2949e-12,8.3803e-10
2.1063e-09,2.5747e-09,2.0508e-09,1.1652e-09,1.3096e-10,9.8527e-16,3.3461e-17,4.3538e-16,5.9862e-15,4.5141e-15,1.041e-10,1.2751e-09
3.2186e-09,3.4239e-09,3.0951e-09,1.8911e-09,3.9255e-10,2.1339e-16,1.875e-16,3.3197e-16,2.9471e-15,5.2967e-15,1.0606e-10,1.0001e-09
1.6188e-09,3.0733e-09,2.1496e-09,8.503e-10,2.1312e-11,5.9194e-16,6.2149e-17,3.4209e-16,8.2553e-16,1.9076e-15,7.053e-12,6.2557e-10
1.7508e-09,3.0033e-09,2.1861e-09,1.1372e-09,1.0357e-10,4.5893e-16,2.692e-16,1.2244e-16,1.8212e-15,8.4403e-15,8.2149e-12,9.0307e-10
2.0485e-09,1.9044e-09,3.2051e-09,1.1626e-09,2.6519e-10,3.9662e-16,1.0429e-16,2.399e-16,4.0207e-15,2.3301e-14,2.1923e-10,1.4302e-09
2.1776e-09,3.0628e-09,2.8037e-09,9.4575e-10,6.1223e-11,7.1892e-16,6.3821e-17,3.0193e-16,2.9699e-15,5.6558e-15,3.0565e-11,9.7434e-10
2.0399e-09,2.7093e-09,1.9949e-09,1.1558e-09,2.4297e-11,5.1236e-16,5.2561e-17,5.3338e-17,3.1516e-15,6.3142e-15,5.427e-11,7.1117e-10
2.2815e-09,4.3156e-09,3.8616e-09,2.2356e-09,1.5355e-10,2.567e-16,6.2127e-17,1.2355e-15,3.3926e-15,2.6049e-15,1.0025e-10,1.22e-09
2.376e-09,2.5183e-09,2.3503e-09,1.7163e-09,1.2718e-10,2.0974e-16,9.336e-17,5.8794e-16,4.4835e-15,1.035e-14,8.4928e-11,1.0197e-09
2.1473e-09,3.0767e-09,3.1483e-09,1.3477e-09,2.8796e-10,5.6108e-16,1.4513e-16,3.5043e-16,1.3423e-15,2.9085e-13,8.5913e-11,8.8805e-10
2.7362e-09,3.9664e-09,2.7789e-09,1.5144e-09,2.9901e-10,1.063e-15,1.6958e-16,1.8909e-16,2.0922e-15,3.0002e-15,2.4152e-10,1.1175e-09
2.7991e-09,3.5567e-09,3.3303e-09,1.8489e-09,1.9439e-10,3.0824e-16,1.1179e-16,1.6153e-16,7.6982e-15,7.0529e-13,5.766e-11,1.3144e-09
2.44e-09,3.4218e-09,3.6939e-09,1.3259e-09,1.8264e-10,4.0814e-16,1.5863e-16,2.1182e-16,1.1112e-14,3.0916e-15,5.6937e-11,1.3564e-09
2.9806e-09,3.4914e-09,3.2237e-09,1.1133e-09,3.3374e-10,5.0725e-16,1.207e-16,5.1587e-16,2.4814e-15,9.8431e-15,6.8727e-11,1.2391e-09
2.8531e-09,3.499e-09,2.4985e-09,1.8751e-09,3.3977e-10,4.1894e-16,1.2316e-16,7.2733e-17,1.7962e-15,3.503e-15,1.5986e-10,8.5971e-10
2.0815e-09,2.9978e-09,2.7324e-09,1.1241e-09,2.7144e-10,2.5758e-16,1.3533e-16,7.192e-16,1.4549e-15,3.6524e-15,7.0908e-11,1.2334e-09
2.3177e-09,1.8174e-09,2.2176e-09,8.9899e-10,4.1061e-11,6.9589e-16,2.6295e-16,1.0826e-16,3.7426e-15,1.3846e-15,7.509e-11,6.2774e-10
2.2228e-09,2.9687e-09,2.725e-09,1.8809e-09,4.282e-11,2.7914e-16,1.8991e-16,1.5588e-16,8.8448e-16,1.0611e-13,1.0414e-10,8.8142e-10
2.0757e-09,3.0904e-09,3.3533e-09,1.3782e-09,1.1306e-10,5.2187e-16,2.0267e-16,1.8066e-16,7.3163e-15,7.5693e-15,6.1821e-11,1.0936e-09
2.2476e-09,3.4109e-09,2.5063e-09,8.6635e-10,2.0194e-10,2.4119e-16,1.0848e-16,5.0239e-16,1.6586e-15,7.9281e-15,9.5639e-12,6.3714e-10
2.1741e-09,3.1619e-09,2.8024e-09,1.1011e-09,1.9662e-10,5.9324e-16,1.7602e-16,1.2663e-16,2.2048e-15,4.7515e-15,2.4208e-11,1.1008e-09
2.1283e-09,3.2949e-09,2.2515e-09,4.1237e-10,1.5742e-11,6.1284e-16,6.1421e-17,3.5385e-16,1.3291e-15,1.7729e-15,4.6656e-11,5.2061e-10
2.3242e-09,3.2276e-09,2.3676e-09,1.3386e-09,6.6841e-11,1.5058e-16,7.8818e-17,9.9421e-17,2.2793e-15,6.5346e-15,1.3351e-10,6.4745e-10
2.6395e-09,2.7538e-09,2.8173e-09,7.9872e-10,1.4625e-10,3.3035e-16,3.9963e-17,6.555e-16,2.2852e-15,1.0353e-14,6.3957e-11,1.1539e-09
2.2862e-09,2.903e-09,3.4874e-09,1.9237e-09,1.5909e-10,2.0186e-16,1.9775e-16,3.3689e-16,3.8795e-15,1.5392e-12,1.1484e-10,6.8819e-10
3.1109e-09,2.2243e-09,2.1432e-09,1.0114e-09,4.7173e-11,1.1055e-16,3.7728e-17,1.3719e-16,6.1708e-16,4.8956e-15,4.2229e-11,7.9182e-10
2.1071e-09,2.8071e-09,2.5932e-09,6.5377e-10,1.8349e-11,7.9199e-17,1.3956e-16,3.9165e-16,3.0128e-15,8.1785e-15,7.157e-11,8.5628e-10
2.2477e-09,2.3586e-09,2.0177e-09,8.2624e-10,5.1157e-11,3.3475e-16,1.0238e-16,1.155e-15,4.6075e-15,3.0382e-15,4.118e-11,7.5827e-10
1.7757e-09,2.3229e-09,1.6247e-09,1.1841e-09,1.4821e-10,5.0309e-16,5.7721e-17,2.0808e-16,2.7561e-15,1.0699e-14,9.4333e-12,6.7607e-10
1.947e-09,2.4475e-09,1.375e-09,1.0513e-09,3.5335e-10,2.9225e-16,1.779e-16,3.8013e-16,3.9463e-15,1.891e-15,1.9618e-11,5.9601e-10
2.3377e-09,3.0426e-09,2.0786e-09,8.5105e-10,2.2254e-10,3.4037e-16,5.3681e-16,3.8507e-16,3.0998e-15,3.4665e-15,2.4718e-12,6.0753e-10
1.8739e-09,1.7093e-09,1.7807e-09,6.9566e-10,1.0178e-10,5.2328e-16,1.2066e-16,2.4242e-16,2.3965e-15,4.8388e-15,4.3451e-11,6.2166e-10
1.9732e-09,1.805e-09,1.8339e-09,8.6797e-10,4.3887e-11,1.664e-15,4.4105e-16,1.7103e-16,2.2707e-15,4.0322e-15,4.7769e-11,5.8212e-10
1.7787e-09,3.1542e-09,1.139e-09,2.902e-10,2.5774e-11,6.6511e-16,2.1248e-16,4.4286e-16,2.2627e-15,5.4011e-15,7.3623e-12,8.3768e-10
2.1354e-09,2.5387e-09,2.6014e-09,6.8254e-10,2.321e-11,1.2538e-16,1.2321e-16,4.7209e-16,2.0513e-15,2.8355e-15,3.3674e-11,7.8834e-10
1.8054e-09,2.4487e-09,2.0786e-09,1.3895e-09,7.1304e-11,8.6511e-17,6.376e-17,4.4521e-16,2.3122e-15,4.2068e-15,2.2137e-12,5.204e-10
1.4476e-09,1.744e-09,1.8439e-09,8.0873e-10,8.947e-12,8.9535e-17,2.1294e-17,1.3947e-16,2.2009e-15,2.4023e-15,8.1176e-11,8.6804e-10
2.0876e-09,3.142e-09,2.7519e-09,1.3748e-09,4.2973e-13,1.3417e-16,1.0656e-17,2.1616e-16,1.4253e-15,1.2316e-15,3.5656e-12,5.1569e-10
1.683e-09,1.8797e-09,1.9391e-09,8.1017e-10,5.3882e-11,3.9905e-17,8.8962e-17,3.4244e-16,2.9158e-15,3.7907e-15,1.07e-11,5.5771e-10
1.8852e-09,2.3699e-09,1.5372e-09,9.2491e-10,8.591e-12,1.3041e-16,9.7611e-17,2.1397e-16,2.8814e-15,4.5823e-15,9.724e-12,5.4786e-10
2.3693e-09,2.5562e-09,1.8013e-09,1.0656e-09,2.0675e-11,4.2055e-16,3.8875e-17,1.0207e-16,1.8907e-15,3.0065e-15,1.7722e-11,7.3143e-10
1.7336e-09,2.3373e-09,2.3273e-09,1.2507e-09,1.3357e-10,5.0323e-16,1.7016e-16,5.0227e-16,4.4338e-15,6.0333e-15,6.2291e-11,8.7569e-10
1.756e-09,2.2175e-09,1.5949e-09,7.7759e-10,1.0974e-10,1.7095e-16,1.0795e-16,3.9551e-16,2.5369e-15,6.0579e-15,4.7271e-12,5.7673e-10
2.2721e-09,2.6873e-09,1.4827e-09,5.8685e-10,1.217e-11,5.3969e-17,7.8711e-17,9.0622e-17,1.4716e-15,4.0666e-15,3.9846e-14,4.8647e-10
1.6144e-09,2.6984e-09,1.8718e-09,7.9586e-10,1.2305e-12,9.0201e-17,5.2898e-17,1.4694e-16,2.3589e-15,3.2204e-15,7.1517e-12,5.4727e-10
1.7979e-09,2.0615e-09,2.033e-09,3.5213e-10,9.697e-13,7.2938e-16,2.4069e-17,8.67e-16,1.7816e-15,3.5728e-15,7.7167e-11,8.1425e-10
1.6757e-09,2.872e-09,1.7628e-09,5.5153e-10,1.3254e-11,1.1268e-16,3.2746e-16,2.7419e-16,1.8031e-15,7.5987e-15,3.3507e-11,9.424e-10
1.3567e-09,1.9311e-09,1.7641e-09,2.1628e-10,2.0747e-14,3.6229e-16,4.7397e-17,5.5381e-16,4.6643e-16,2.9203e-15,2.5519e-12,4.3287e-10
