99537,1.0061e+05,1.0041e+05,99937,99664,1.0073e+05,1.0143e+05,1.0183e+05,1.0075e+05,1.0029e+05,1.004e+05,1.0048e+05
99861,1.0159e+05,1.0024e+05,1.0133e+05,1.0062e+05,1.0124e+05,1.0149e+05,1.0131e+05,1.0123e+05,1.0032e+05,99836,1.0055e+05
1.004e+05,99363,99759,99514,99583,1.0135e+05,1.0167e+05,1.0118e+05,1.0059e+05,1.0026e+05,1.0034e+05,1.0143e+05
99704,1.0004e+05,1.0032e+05,99555,99969,1.0082e+05,1.018e+05,1.0124e+05,1.0086e+05,1.0047e+05,1.0084e+05,1.0111e+05
1.0019e+05,1.0061e+05,99591,1.0026e+05,99844,1.0078e+05,1.0164e+05,1.0138e+05,1.0075e+05,1.0041e+05,1.0068e+05,1.0068e+05
1.0061e+05,99936,99741,99487,99366,1.0056e+05,1.0149e+05,1.014e+05,1.0192e+05,1.0088e+05,99947,99974
99896,1.0137e+05,1.0033e+05,99588,99409,1.0079e+05,1.0144e+05,1.0133e+05,1.0102e+05,1.0133e+05,1.0009e+05,1.0063e+05
1.0058e+05,1.001e+05,99755,99484,1.0018e+05,1.0036e+05,1.0142e+05,1.008e+05,1.006e+05,1.0089e+05,1.0052e+05,1.0072e+05
1.0007e+05,99549,1.0018e+05,99592,1.0002e+05,1.0187e+05,1.0192e+05,1.0119e+05,1.0083e+05,1.004e+05,1.0089e+05,1.0126e+05
1.0044e+05,1.0064e+05,1.0092e+05,99255,1.0004e+05,1.0032e+05,1.0129e+05,1.0125e+05,1.0091e+05,1.0084e+05,1.0066e+05,1.0034e+05
1.0023e+05,1.0009e+05,99885,99525,99315,1.0106e+05,1.0123e+05,1.0142e+05,1.0075e+05,1.0023e+05,1.012e+05,1.0081e+05
99715,1.0062e+05,99987,1.0006e+05,99480,1.009e+05,1.0089e+05,1.0112e+05,1.0071e+05,1.0022e+05,1.0047e+05,1.0038e+05
1.0049e+05,1.0019e+05,99160,99347,99686,1.0022e+05,1.0168e+05,1.0145e+05,1.0094e+05,1.0066e+05,99967,99969
1.0066e+05,99491,99578,99165,99590,1.0047e+05,1.0126e+05,1.0106e+05,1.0072e+05,1.0086e+05,1.0087e+05,1.0049e+05
99937,99789,99740,99814,99412,1.0061e+05,1.0142e+05,1.0135e+05,1.0074e+05,1.0034e+05,1.0067e+05,1.0111e+05
1.0041e+05,1.0001e+05,1.0002e+05,99201,99939,1.0097e+05,1.0133e+05,1.0143e+05,1.0161e+05,1.0114e+05,1.0052e+05,1.0342e+05
1.0133e+05,99788,99870,99540,99272,1.0062e+05,1.0156e+05,1.0091e+05,1.007e+05,1.01e+05,1.0076e+05,1.0059e+05
99902,99577,1.0003e+05,99820,99801,1.0108e+05,1.0169e+05,1.0116e+05,1.0115e+05,1.0036e+05,1.0112e+05,1.008e+05
1.0031e+05,99852,99791,99567,99620,1.0085e+05,1.0158e+05,1.0114e+05,1.0112e+05,1.0076e+05,1.0138e+05,1.0103e+05
99851,1.0059e+05,1.0004e+05,99611,99885,1.0016e+05,1.0138e+05,1.017e+05,1.0074e+05,1.0073e+05,1.003e+05,99508
1.0051e+05,99995,99882,99756,99522,1.0037e+05,1.0092e+05,1.0099e+05,1.0104e+05,1.0104e+05,1.0066e+05,1.0039e+05
1.0011e+05,1.0066e+05,1.0011e+05,99508,1.0088e+05,1.0175e+05,1.0145e+05,1.0104e+05,1.0066e+05,1.007e+05,1.0014e+05,1.0023e+05
1.0052e+05,99440,99743,1.0007e+05,99453,1.0083e+05,1.011e+05,1.0131e+05,1.0134e+05,1.0047e+05,1.0033e+05,1.0078e+05
1.0028e+05,99801,99244,99374,99643,1.0075e+05,1.0142e+05,1.0117e+05,1.0096e+05,1.0075e+05,1.0085e+05,99607
1.0041e+05,99977,99562,99381,99688,1.0011e+05,1.0152e+05,1.0166e+05,1.0118e+05,1.005e+05,1e+05,1.0031e+05
99960,99706,99968,99138,1.0006e+05,1.0086e+05,1.0153e+05,1.0136e+05,1.0079e+05,1.0121e+05,1.0026e+05,1.0073e+05
99821,1.0016e+05,99937,99757,99698,1.0109e+05,1.0141e+05,1.0171e+05,1.0139e+05,1.0106e+05,1.0077e+05,99870
1.005e+05,99938,99677,99849,99399,1.0061e+05,1.0134e+05,1.0157e+05,1.01e+05,1.0081e+05,1.0006e+05,99738
1.0017e+05,1.0101e+05,99680,99768,99632,1.0003e+05,1.0119e+05,1.0111e+05,1.0048e+05,1.0036e+05,1.0056e+05,1.0038e+05
99968,1.0038e+05,1.0028e+05,99042,99285,1.0053e+05,1.0092e+05,1.0071e+05,1.0016e+05,1.0055e+05,1.0047e+05,1.0048e+05
1.0054e+05,1.0017e+05,1.0046e+05,99910,99833,1.0088e+05,1.0103e+05,1.0054e+05,1.0012e+05,1.0034e+05,1.0045e+05,1.0041e+05
1.0111e+05,99948,99849,99547,1.0043e+05,1.021e+05,1.0134e+05,1.0101e+05,1e+05,1.0036e+05,1.0053e+05,1.0118e+05
99949,1.0015e+05,1.0037e+05,99469,1.0034e+05,1.0148e+05,1.0165e+05,1.0095e+05,1.0046e+05,1.0025e+05,1.005e+05,1.0063e+05
1.0122e+05,99520,99779,99707,99972,1.0161e+05,1.0144e+05,1.0111e+05,1.0044e+05,1.0023e+05,1.0036e+05,1.0081e+05
99843,1.009e+05,99918,99926,1.0042e+05,1.0123e+05,1.0183e+05,1.0118e+05,1.0058e+05,1.0018e+05,1.0011e+05,1.0154e+05
99904,99976,1.0093e+05,99939,99889,1.0141e+05,1.0154e+05,1.013e+05,1.0136e+05,1.0031e+05,1.0036e+05,1.0021e+05
99918,1.01e+05,1.0018e+05,1.0004e+05,1.005e+05,1.0171e+05,1.0215e+05,1.0104e+05,1.0113e+05,1.0025e+05,1.0008e+05,1.0017e+05
99947,99861,99769,99521,1.0024e+05,1.0154e+05,1.0165e+05,1.0083e+05,1.0086e+05,1.002e+05,1.0018e+05,1.0123e+05
1.0069e+05,1.0045e+05,1.0244e+05,1.0051e+05,1.005e+05,1.0139e+05,1.0224e+05,1.0121e+05,1.009e+05,1.0033e+05,1.003e+05,1.0006e+05
1.0012e+05,1.0043e+05,1.0058e+05,1.0007e+05,1.0008e+05,1.0194e+05,1.0234e+05,1.0106e+05,1.0095e+05,1.0039e+05,99692,1.0059e+05
1.0005e+05,1.0031e+05,99932,1.0008e+05,1.0054e+05,1.0135e+05,1.02e+05,1.0134e+05,1.0077e+05,1.002e+05,1.0021e+05,1.0097e+05
1.0019e+05,1.0028e+05,1.0044e+05,1.0072e+05,1.0069e+05,1.0171e+05,1.0162e+05,1.0085e+05,1.0046e+05,1.0012e+05,1.001e+05,1.0045e+05
1.0061e+05,1.0008e+05,1.0073e+05,99951,99475,1.0119e+05,1.015e+05,1.0121e+05,1.0073e+05,99673,1.0008e+05,99694
99369,1.0009e+05,1.0011e+05,1.0018e+05,1.0018e+05,1.0099e+05,1.0182e+05,1.0104e+05,1.004e+05,99911,99882,99801
99928,1.0032e+05,99585,1.0014e+05,1.0024e+05,1.0109e+05,1.0166e+05,1.0105e+05,1.0084e+05,1.0051e+05,1.0028e+05,1.0013e+05
1.0044e+05,99920,99766,1.0107e+05,1.0161e+05,1.0164e+05,1.0203e+05,1.0113e+05,1.0116e+05,1.0063e+05,99832,1.0066e+05
99356,1.0029e+05,1.0082e+05,99927,99515,1.012e+05,1.0122e+05,1.0118e+05,1.0116e+05,1.0034e+05,1.002e+05,1.0018e+05
99641,99549,1.0039e+05,99886,1.0077e+05,1.0166e+05,1.0159e+05,1.0067e+05,1.0032e+05,1.0022e+05,1.0048e+05,1.0046e+05
1.0034e+05,1.0106e+05,1.0008e+05,1.0034e+05,1.007e+05,1.0215e+05,1.0214e+05,1.0176e+05,1.0068e+05,1.0029e+05,1.0006e+05,1.0059e+05
1.0013e+05,1.006e+05,99448,99598,99776,1.0089e+05,1.0156e+05,1.0117e+05,1.0041e+05,1.0008e+05,99497,1.0037e+05
1.0073e+05,99908,1.0102e+05,1.0015e+05,99556,1.01e+05,1.0212e+05,1.0135e+05,1.0016e+05,1.0007e+05,1.0024e+05,1.0145e+05
99955,1.0051e+05,1.0095e+05,1.0023e+05,99600,1.0142e+05,1.0215e+05,1.0137e+05,1.0091e+05,1.0005e+05,1.008e+05,1.0086e+05
99630,1.0107e+05,1.0088e+05,1.0057e+05,1.0036e+05,1.011e+05,1.017e+05,1.017e+05,1.0053e+05,1.0027e+05,1.0009e+05,1.0096e+05
1.006e+05,1.004e+05,1.0017e+05,1.0048e+05,99870,1.0056e+05,1.0185e+05,1.0151e+05,1.0128e+05,1.0076e+05,1.0011e+05,1.0035e+05
1.0004e+05,1.0032e+05,1.0051e+05,1.0022e+05,99795,1.0126e+05,1.0164e+05,1.0147e+05,1.0071e+05,1.0057e+05,1.005e+05,1.0048e+05
1.0073e+05,99793,99826,1.0022e+05,99308,1.0072e+05,1.0176e+05,1.011e+05,1.0123e+05,1.0095e+05,1.0063e+05,1.0072e+05
1.0016e+05,1.0066e+05,1.0029e+05,99616,99535,1.0099e+05,1.0162e+05,1.0137e+05,1.0108e+05,1.0118e+05,1.005e+05,1.0033e+05
99173,1.0028e+05,1.004e+05,99743,99644,1.0119e+05,1.0161e+05,1.0148e+05,1.012e+05,1.0073e+05,1.0037e+05,1.0089e+05
1.0049e+05,1.007e+05,99641,1.0078e+05,1.0059e+05,1.0128e+05,1.0138e+05,1.0141e+05,1.012e+05,1.0021e+05,1.0116e+05,1.0069e+05
1.0103e+05,1.0024e+05,99957,99415,1.0012e+05,1.0151e+05,1.0168e+05,1.0137e+05,1.0104e+05,1.007e+05,1.0029e+05,1.0057e+05
1.0024e+05,1.0003e+05,1.0059e+05,1.0027e+05,99786,1.009e+05,1.0204e+05,1.0105e+05,1.0087e+05,1.0039e+05,1.0055e+05,1.0112e+05
99213,99690,1.0132e+05,1.0015e+05,1.0011e+05,1.0086e+05,1.0206e+05,1.0137e+05,1.0054e+05,1.0075e+05,1.0067e+05,1.007e+05
1.001e+05,1.0066e+05,1.0026e+05,1.005e+05,1.0068e+05,1.013e+05,1.0158e+05,1.0139e+05,1.0108e+05,1.0048e+05,1.0008e+05,1.0035e+05
1.0026e+05,1.0054e+05,1.0044e+05,99571,99595,1.0089e+05,1.0166e+05,1.0164e+05,1.0084e+05,1.0074e+05,1.0045e+05,1.0097e+05
99642,1.0002e+05,99336,99625,1.003e+05,1.0098e+05,1.0165e+05,1.0134e+05,1.0073e+05,1.0037e+05,1.0048e+05,1.0003e+05
1.0029e+05,1.0053e+05,1.0004e+05,99895,1.0025e+05,1.0132e+05,1.0144e+05,1.0137e+05,1.0106e+05,1.0058e+05,1.0013e+05,1.0118e+05
99775,99765,99374,98935,1.0019e+05,1.01e+05,1.0188e+05,1.0162e+05,1.0083e+05,1.0067e+05,1.0103e+05,1.0101e+05
99471,1.0009e+05,99388,99899,99484,1.0054e+05,1.0175e+05,1.0125e+05,1.008e+05,1.0052e+05,1.0036e+05,1.0105e+05
1.0048e+05,99577,1.0026e+05,1.0027e+05,99911,1.0193e+05,1.0205e+05,1.0117e+05,1.0117e+05,1.0024e+05,1.0094e+05,1.0032e+05
99456,1.0066e+05,1.0018e+05,99756,1.0006e+05,1.012e+05,1.0179e+05,1.0153e+05,1.0111e+05,1.0114e+05,1.0056e+05,1.0073e+05
1.003e+05,99782,99579,99670,99639,1.0069e+05,1.0167e+05,1.0173e+05,1.0062e+05,1.0067e+05,1.0066e+05,1.0064e+05
1.0072e+05,1.0006e+05,99504,1.0003e+05,1.0001e+05,1.0116e+05,1.0141e+05,1.0159e+05,1.0072e+05,1.0123e+05,1.0041e+05,1.0029e+05
99863,99689,99700,99876,99504,1.0088e+05,1.0161e+05,1.0148e+05,1.0137e+05,1.0083e+05,1.0015e+05,1.0045e+05
1.0058e+05,1.0013e+05,99776,99603,99467,1.0097e+05,1.0211e+05,1.0123e+05,1.0134e+05,1.0054e+05,99874,1.0057e+05
99958,1.0003e+05,1.0049e+05,99554,99674,1.0025e+05,1.016e+05,1.0138e+05,1.0079e+05,1.0075e+05,1.0028e+05,1.0049e+05
