1.098e+07,1.2825e+07,1.3984e+07,1.4645e+07,1.4187e+07,1.3478e+07,1.0581e+07,5.185e+06,2.3839e+06,1.5354e+06,5.0429e+06,8.9974e+06
1.1826e+07,1.3934e+07,1.4901e+07,1.6173e+07,1.5052e+07,1.3935e+07,9.9648e+06,3.1491e+06,1.3272e+06,1.0849e+06,3.2245e+06,9.3981e+06
1.2182e+07,1.4139e+07,1.4647e+07,1.5969e+07,1.5714e+07,1.3733e+07,1.0732e+07,5.1572e+06,2.4586e+06,1.5408e+06,5.9138e+06,9.8908e+06
1.2025e+07,1.4545e+07,1.6122e+07,1.7039e+07,1.617e+07,1.4188e+07,1.142e+07,5.9382e+06,3.117e+06,2.7096e+06,7.0223e+06,1.0431e+07
1.2727e+07,1.5155e+07,1.6837e+07,1.7652e+07,1.6835e+07,1.4746e+07,1.2521e+07,8.5679e+06,4.1806e+06,4.0828e+06,9.05e+06,1.1031e+07
1.3479e+07,1.582e+07,1.7858e+07,1.8673e+07,1.7394e+07,1.4949e+07,1.2622e+07,9.496e+06,4.8554e+06,3.6526e+06,8.0541e+06,1.074e+07
1.3282e+07,1.5511e+07,1.7757e+07,1.8112e+07,1.7448e+07,1.5562e+07,1.2173e+07,9.2469e+06,5.7213e+06,6.1351e+06,9.4968e+06,1.0937e+07
1.353e+07,1.658e+07,1.8113e+07,1.8317e+07,1.7805e+07,1.5919e+07,1.2222e+07,9.4461e+06,6.8395e+06,6.9565e+06,9.1474e+06,1.1627e+07
1.3381e+07,1.6633e+07,1.8163e+07,1.8674e+07,1.8316e+07,1.6631e+07,1.2709e+07,9.3759e+06,5.4237e+06,5.4653e+06,9.2629e+06,1.1282e+07
1.3387e+07,1.7398e+07,1.8266e+07,1.8471e+07,1.8266e+07,1.6222e+07,1.3175e+07,1.1418e+07,8.7138e+06,8.3576e+06,1.0676e+07,1.2372e+07
1.5256e+07,1.7549e+07,1.8572e+07,1.893e+07,1.852e+07,1.6478e+07,1.3128e+07,1.0825e+07,7.9786e+06,8.1615e+06,1.0282e+07,1.2372e+07
1.5153e+07,1.7703e+07,1.8777e+07,1.9084e+07,1.8675e+07,1.7346e+07,1.3331e+07,9.9815e+06,7.4003e+06,7.2427e+06,9.8866e+06,1.2324e+07
1.4442e+07,1.7601e+07,1.8674e+07,1.9643e+07,1.8776e+07,1.6885e+07,1.3377e+07,1.0942e+07,7.7288e+06,7.7889e+06,1.0131e+07,1.2171e+07
1.5257e+07,1.7601e+07,1.8827e+07,1.9592e+07,1.9489e+07,1.6886e+07,1.3429e+07,1.0974e+07,8.2422e+06,8.4029e+06,1.0336e+07,1.2525e+07
1.5103e+07,1.7601e+07,1.9133e+07,1.9848e+07,1.9489e+07,1.663e+07,1.3227e+07,1.1074e+07,8.3148e+06,8.4123e+06,1.0826e+07,1.2774e+07
1.4952e+07,1.7857e+07,1.9286e+07,2.0155e+07,1.9492e+07,1.719e+07,1.3349e+07,1.1185e+07,8.2468e+06,7.6995e+06,9.6303e+06,1.2576e+07
1.4747e+07,1.7297e+07,1.8521e+07,1.9541e+07,1.903e+07,1.6528e+07,1.2706e+07,1.0386e+07,7.0544e+06,7.0113e+06,1.0435e+07,1.2523e+07
1.48e+07,1.7856e+07,1.9081e+07,1.9847e+07,1.9489e+07,1.7193e+07,1.3329e+07,9.0148e+06,5.8e+06,5.7419e+06,9.8888e+06,1.2322e+07
1.5361e+07,1.7857e+07,1.9134e+07,1.9849e+07,1.9337e+07,1.75e+07,1.4392e+07,1.1532e+07,8.2145e+06,8.5705e+06,1.0337e+07,1.2525e+07
1.6277e+07,1.8009e+07,1.9338e+07,1.9849e+07,1.9234e+07,1.7806e+07,1.3986e+07,1.1223e+07,8.619e+06,8.3975e+06,1.0528e+07,1.2272e+07
1.5005e+07,1.7806e+07,1.8777e+07,1.9592e+07,1.9387e+07,1.7394e+07,1.3832e+07,1.1167e+07,8.7412e+06,8.2993e+06,1.0628e+07,1.2321e+07
1.5867e+07,1.7703e+07,1.9033e+07,1.9391e+07,1.9032e+07,1.7702e+07,1.4139e+07,1.138e+07,9.1966e+06,9.1914e+06,1.0435e+07,1.2575e+07
1.5919e+07,1.8214e+07,1.8928e+07,1.9796e+07,1.9183e+07,1.7294e+07,1.363e+07,1.1819e+07,9.6324e+06,9.1881e+06,1.0974e+07,1.2923e+07
1.5258e+07,1.7856e+07,1.8521e+07,1.9388e+07,1.8725e+07,1.6937e+07,1.3429e+07,1.1467e+07,9.1849e+06,8.6931e+06,1.1022e+07,1.2471e+07
1.4291e+07,1.7449e+07,1.8265e+07,1.898e+07,1.857e+07,1.6732e+07,1.368e+07,1.1517e+07,9.2846e+06,8.6915e+06,1.0724e+07,1.2372e+07
1.4341e+07,1.7449e+07,1.8621e+07,1.9183e+07,1.8927e+07,1.6733e+07,1.368e+07,1.1768e+07,9.0888e+06,8.5446e+06,1.0482e+07,1.2522e+07
1.4545e+07,1.7449e+07,1.8419e+07,1.8725e+07,1.847e+07,1.6888e+07,1.3076e+07,1.0922e+07,9.1367e+06,8.8899e+06,1.0185e+07,1.1827e+07
1.3986e+07,1.7246e+07,1.8215e+07,1.8521e+07,1.8215e+07,1.6478e+07,1.3275e+07,1.0771e+07,8.641e+06,8.247e+06,1.0973e+07,1.2471e+07
1.4596e+07,1.7095e+07,1.7962e+07,1.7861e+07,1.7606e+07,1.5871e+07,1.2422e+07,9.8759e+06,8.3485e+06,7.9026e+06,9.9325e+06,1.2021e+07
1.3386e+07,1.5625e+07,1.6953e+07,1.6751e+07,1.6292e+07,1.4153e+07,1.147e+07,9.0849e+06,7.5588e+06,7.5089e+06,8.4417e+06,1.0376e+07
1.1576e+07,1.4163e+07,1.5284e+07,1.5386e+07,1.4875e+07,1.3503e+07,1.0429e+07,8.7425e+06,7.5614e+06,7.2655e+06,8.3956e+06,1.0229e+07
1.167e+07,1.3999e+07,1.5025e+07,1.5536e+07,1.4622e+07,1.1728e+07,9.5795e+06,7.606e+06,6.8181e+06,6.5737e+06,7.1616e+06,9.4891e+06
1.0187e+07,1.1238e+07,1.2661e+07,1.3169e+07,1.2146e+07,1.023e+07,8.5453e+06,7.0697e+06,5.9416e+06,5.0049e+06,6.6751e+06,8.3039e+06
9.1412e+06,9.9439e+06,1.0802e+07,1.1055e+07,1.0237e+07,9.3878e+06,8.0515e+06,5.9475e+06,4.5788e+06,4.237e+06,5.9914e+06,7.4163e+06
8.7472e+06,9.3425e+06,9.8414e+06,1.0444e+07,1.0039e+07,9.2903e+06,8.3012e+06,5.9502e+06,4.7369e+06,3.9995e+06,4.3364e+06,7.0244e+06
8.2591e+06,9.5469e+06,1.0745e+07,1.1698e+07,1.1243e+07,9.6383e+06,7.9546e+06,5.9617e+06,3.8182e+06,3.3844e+06,4.2486e+06,7.0773e+06
9.3465e+06,1.0394e+07,1.1297e+07,1.1499e+07,1.0993e+07,9.9386e+06,6.6361e+06,4.7962e+06,3.1482e+06,2.9137e+06,3.6724e+06,5.8647e+06
9.3019e+06,1.0249e+07,1.1097e+07,1.1303e+07,1.0591e+07,9.9369e+06,7.9995e+06,5.0885e+06,3.1475e+06,2.9566e+06,4.2457e+06,6.5398e+06
9.1506e+06,1.01e+07,1.1354e+07,1.1715e+07,1.1156e+07,9.4427e+06,6.5944e+06,4.5652e+06,3.0203e+06,2.6881e+06,3.4445e+06,6.2672e+06
8.6803e+06,9.9099e+06,1.0809e+07,1.1357e+07,1.1054e+07,9.1544e+06,6.262e+06,2.875e+06,2.0402e+06,1.9068e+06,2.5529e+06,4.0147e+06
8.4875e+06,1.0058e+07,1.131e+07,1.1611e+07,1.1254e+07,1.0051e+07,6.8518e+06,2.9292e+06,2.0474e+06,2.141e+06,2.739e+06,5.5123e+06
8.6555e+06,1.0802e+07,1.2006e+07,1.2353e+07,1.2352e+07,1.0847e+07,7.981e+06,3.3938e+06,2.1776e+06,2.0894e+06,2.6889e+06,5.2169e+06
9.9104e+06,1.184e+07,1.3398e+07,1.3798e+07,1.3492e+07,1.213e+07,8.1542e+06,4.9309e+06,2.9224e+06,2.7785e+06,4.391e+06,7.4652e+06
1.1331e+07,1.2779e+07,1.4042e+07,1.4799e+07,1.4342e+07,1.3229e+07,1.0725e+07,6.7292e+06,4.5611e+06,4.0105e+06,6.185e+06,1.0031e+07
1.2373e+07,1.3732e+07,1.4494e+07,1.4647e+07,1.4189e+07,1.3428e+07,1.1973e+07,8.2916e+06,6.768e+06,6.1302e+06,6.9698e+06,1.0583e+07
1.2625e+07,1.3885e+07,1.4444e+07,1.4495e+07,1.3986e+07,1.3732e+07,1.1975e+07,7.8291e+06,4.6453e+06,3.7904e+06,6.097e+06,1.0242e+07
1.2778e+07,1.3938e+07,1.4647e+07,1.5053e+07,1.4698e+07,1.3834e+07,1.2122e+07,9.2362e+06,6.8195e+06,5.6358e+06,7.4628e+06,1.1172e+07
1.2676e+07,1.4393e+07,1.5258e+07,1.5922e+07,1.4647e+07,1.363e+07,1.2022e+07,9.4408e+06,6.6306e+06,5.5947e+06,8.3065e+06,1.0881e+07
1.3282e+07,1.4595e+07,1.5923e+07,1.6177e+07,1.5104e+07,1.4238e+07,1.2879e+07,1.0132e+07,6.9206e+06,5.6918e+06,8.5019e+06,1.138e+07
1.3231e+07,1.4598e+07,1.6026e+07,1.633e+07,1.5104e+07,1.3681e+07,1.2022e+07,8.3568e+06,6.0453e+06,5.303e+06,7.3643e+06,1.0532e+07
1.2625e+07,1.4293e+07,1.5105e+07,1.6178e+07,1.5821e+07,1.3834e+07,1.167e+07,7.171e+06,5.4175e+06,4.2913e+06,6.9207e+06,1.0925e+07
1.3027e+07,1.4904e+07,1.5516e+07,1.5976e+07,1.5107e+07,1.3833e+07,1.2172e+07,9.5375e+06,7.1163e+06,5.931e+06,7.7089e+06,1.0829e+07
1.2929e+07,1.465e+07,1.5669e+07,1.6026e+07,1.5617e+07,1.4086e+07,1.2673e+07,9.1498e+06,6.5453e+06,6.1456e+06,8.8011e+06,1.1875e+07
1.3682e+07,1.5158e+07,1.6128e+07,1.6485e+07,1.6178e+07,1.4088e+07,1.2522e+07,1.008e+07,7.0187e+06,6.2837e+06,8.8473e+06,1.1423e+07
1.3077e+07,1.48e+07,1.6177e+07,1.6483e+07,1.536e+07,1.4086e+07,1.2523e+07,9.4912e+06,6.9742e+06,6.5307e+06,8.996e+06,1.0784e+07
1.303e+07,1.4699e+07,1.6227e+07,1.638e+07,1.587e+07,1.4392e+07,1.2521e+07,9.5323e+06,7.0152e+06,6.1765e+06,8.3969e+06,1.0978e+07
1.2877e+07,1.4801e+07,1.5923e+07,1.6434e+07,1.5923e+07,1.4089e+07,1.2018e+07,8.7385e+06,7.0197e+06,6.823e+06,8.4468e+06,1.0684e+07
1.2978e+07,1.4802e+07,1.5872e+07,1.6382e+07,1.5871e+07,1.419e+07,1.2422e+07,9.9805e+06,7.4157e+06,6.7757e+06,8.8475e+06,1.1426e+07
1.3529e+07,1.5208e+07,1.6692e+07,1.6894e+07,1.577e+07,1.4189e+07,1.2672e+07,1.0774e+07,8.6963e+06,7.1688e+06,9.392e+06,1.1036e+07
1.2926e+07,1.5362e+07,1.6536e+07,1.6844e+07,1.5822e+07,1.4189e+07,1.2573e+07,9.9368e+06,7.8168e+06,6.4367e+06,9.2447e+06,1.1478e+07
1.3631e+07,1.5515e+07,1.6791e+07,1.7046e+07,1.6741e+07,1.4802e+07,1.2472e+07,9.3868e+06,7.0662e+06,6.6281e+06,8.6959e+06,1.1576e+07
1.3783e+07,1.5977e+07,1.6588e+07,1.7201e+07,1.7048e+07,1.4803e+07,1.2823e+07,9.9317e+06,6.9784e+06,6.5759e+06,9.5389e+06,1.2323e+07
1.3833e+07,1.5975e+07,1.7302e+07,1.7505e+07,1.684e+07,1.4751e+07,1.3177e+07,1.0923e+07,7.8575e+06,6.867e+06,9.9839e+06,1.2473e+07
1.3782e+07,1.5717e+07,1.7097e+07,1.7404e+07,1.6688e+07,1.4599e+07,1.277e+07,1.1167e+07,8.3952e+06,7.6078e+06,9.9334e+06,1.2321e+07
1.3934e+07,1.6383e+07,1.7658e+07,1.8065e+07,1.7656e+07,1.5005e+07,1.3376e+07,1.1569e+07,9.7836e+06,8.8941e+06,1.0531e+07,1.2422e+07
1.4188e+07,1.669e+07,1.7808e+07,1.8064e+07,1.7756e+07,1.5667e+07,1.2722e+07,1.1067e+07,9.0358e+06,8.1535e+06,9.9334e+06,1.2073e+07
1.4297e+07,1.6842e+07,1.8421e+07,1.8828e+07,1.8522e+07,1.6325e+07,1.2776e+07,1.0634e+07,9.0955e+06,8.5996e+06,1.0185e+07,1.1929e+07
1.3838e+07,1.7298e+07,1.8981e+07,1.9593e+07,1.9134e+07,1.6478e+07,1.3529e+07,1.1518e+07,8.7942e+06,8.9933e+06,1.0282e+07,1.2423e+07
1.47e+07,1.7507e+07,1.9288e+07,2e+07,1.9848e+07,1.7148e+07,1.3532e+07,1.0676e+07,8.1084e+06,7.7108e+06,1.0185e+07,1.2529e+07
1.4798e+07,1.7655e+07,1.8928e+07,1.9438e+07,1.8723e+07,1.6325e+07,1.3529e+07,1.1519e+07,8.9421e+06,8.4514e+06,1.0782e+07,1.2575e+07
1.4649e+07,1.7755e+07,1.8726e+07,1.8775e+07,1.8162e+07,1.6427e+07,1.3179e+07,1.0973e+07,9.141e+06,8.8446e+06,1.1022e+07,1.2571e+07
1.4494e+07,1.7603e+07,1.8726e+07,1.9745e+07,1.9845e+07,1.7143e+07,1.3683e+07,1.157e+07,9.4353e+06,8.6454e+06,1.1417e+07,1.2672e+07
1.5005e+07,1.8009e+07,1.8981e+07,1.9694e+07,1.9388e+07,1.7756e+07,1.429e+07,1.1968e+07,1.0674e+07,1.0036e+07,1.1128e+07,1.2625e+07
1.6278e+07,1.8012e+07,1.9542e+07,2.0154e+07,1.9796e+07,1.7855e+07,1.3985e+07,1.1717e+07,9.7773e+06,9.1357e+06,1.1121e+07,1.2673e+07
1.5513e+07,1.8726e+07,2.0051e+07,2.046e+07,1.9848e+07,1.7602e+07,1.424e+07,1.1767e+07,9.2369e+06,8.5001e+06,1.0679e+07,1.2473e+07
