-0.68504,-1.1242,-1.3294,-1.3086,-0.74802,0.88435,3.7264,6.1073,5.8127,3.8641,1.6054,0.17235
-0.60994,-0.97851,-1.1754,-1.2167,-0.79725,0.78391,4.1101,6.7824,6.0978,3.921,1.7263,0.20511
-0.73544,-1.1917,-1.4009,-1.3651,-0.70754,0.98235,3.6642,6.0575,6.011,3.638,1.5344,0.20419
-0.63396,-1.0788,-1.2236,-1.1677,-0.48746,1.6452,4.6665,6.2627,5.9111,3.9902,1.7241,0.26283
-0.45312,-1.0398,-1.3093,-1.273,-0.73413,0.80606,3.2183,5.0693,4.821,3.0331,1.3001,0.099063
-0.62708,-1.1219,-1.3261,-1.2838,-0.63443,1.171,4.1247,6.4864,5.876,3.6589,1.5557,0.19777
-0.60415,-1.0671,-1.2841,-1.2526,-0.76452,0.78741,3.3801,5.2621,5.1633,3.0759,1.1895,-0.04941
-0.72419,-1.1227,-1.3014,-1.2673,-0.80346,0.89937,3.7287,5.9189,5.5856,3.6833,1.7025,0.28003
-0.54681,-1.1041,-1.3486,-1.3637,-0.80513,0.94382,4.1969,6.483,5.8849,3.8741,1.5153,0.14543
-0.72413,-1.127,-1.2614,-1.1693,-0.62863,1.0793,3.5718,5.612,5.4826,3.591,1.6974,0.29328
-0.64584,-1.1355,-1.2952,-1.2293,-0.65659,1.2647,4.1651,6.2424,5.9024,3.696,1.6577,0.29255
-0.56694,-1.0565,-1.299,-1.261,-0.76732,0.86048,3.5254,5.4115,5.2721,3.5643,1.565,0.34937
-0.50205,-0.96189,-1.1474,-1.1446,-0.58994,1.2397,4.1007,5.7956,5.4664,3.4538,1.6015,0.18558
-0.6275,-1.086,-1.3042,-1.291,-0.7869,0.91388,3.8198,5.8348,5.6787,3.9577,2.0154,0.29505
-0.60113,-1.023,-1.1827,-1.1965,-0.58198,1.0783,3.8457,5.9271,5.6153,3.6214,1.7993,0.38132
-0.47041,-0.93942,-1.1815,-1.16,-0.53295,1.1744,4.1616,6.1406,5.7305,3.914,2.0166,0.43297
-0.41189,-0.9526,-1.2249,-1.1873,-0.44657,1.2954,4.2509,6.722,6.11,3.9338,1.6979,0.26892
-0.55237,-1.0304,-1.2331,-1.1591,-0.53398,1.3026,4.2585,6.5419,5.9806,4.2019,1.9861,0.29702
-0.56858,-0.96932,-1.1726,-1.132,-0.48385,1.6629,4.917,6.9147,6.1405,4.1565,2.1857,0.76994
-0.3042,-0.92026,-1.162,-1.1401,-0.51524,1.2158,4.1187,6.1395,5.8125,3.7391,1.7614,0.34341
-0.55101,-1.0531,-1.2485,-1.1945,-0.51939,1.4352,4.3945,5.9118,5.3711,3.428,1.6531,0.39989
-0.39378,-0.92591,-1.204,-1.1469,-0.44593,1.4791,4.3302,6.3093,5.9567,3.9092,1.7704,0.29695
-0.55472,-1.0549,-1.2004,-1.1296,-0.39202,1.4179,3.9992,5.779,5.4191,3.6347,1.4661,0.072556
-0.71994,-1.1159,-1.3333,-1.2521,-0.7062,0.80222,3.3553,5.7118,5.3437,3.4033,1.6157,0.099213
-0.63629,-1.0324,-1.2784,-1.2427,-0.60025,1.4707,4.7091,6.6176,6.4092,4.2802,1.9416,0.3655
-0.52821,-0.985,-1.229,-1.1527,-0.54855,1.648,5.0183,7.1923,6.2943,4.4101,2.3602,0.60244
-0.44668,-0.93444,-1.1761,-1.0891,-0.48523,1.5346,4.8327,6.9568,6.0714,4.1015,1.9975,0.31212
-0.6325,-1.1115,-1.2369,-1.1444,-0.40241,1.8915,5.5516,8.2529,7.3214,4.8135,2.409,1.0712
-0.054,-0.74617,-1.0645,-0.9984,-0.13683,2.1613,5.178,7.4992,6.9233,4.4735,2.3629,0.72197
-0.2778,-0.84018,-1.1428,-1.1126,-0.43099,1.6859,4.406,5.8498,5.7034,3.9502,1.8444,0.32126
-0.48025,-0.93825,-1.1872,-1.1601,-0.48806,1.36,4.0925,5.9784,5.5031,3.826,1.8546,0.39683
-0.41538,-0.9656,-1.1794,-1.081,-0.26336,2.159,5.7585,7.6877,6.9621,4.7559,2.382,0.79274
0.053543,-0.60738,-0.9216,-0.9048,-0.13752,1.7007,4.7605,6.6014,6.0362,4.0584,2.0638,0.54305
-0.40686,-0.97958,-1.2484,-1.2055,-0.5367,1.365,4.2639,6.1363,5.581,3.4517,1.529,0.26246
-0.58035,-1.0668,-1.2728,-1.2254,-0.47755,1.9567,6.2636,8.8402,8.0868,5.5648,3.3463,1.2501
-0.27316,-0.8957,-1.1726,-1.1702,-0.5481,1.4401,4.3023,6.5208,6.3433,4.3736,2.461,0.65189
-0.44997,-0.9636,-1.2117,-1.1768,-0.62256,1.5138,5.4686,8.025,6.9893,4.6787,2.5817,0.94356
-0.1149,-0.77884,-1.0603,-1.0479,-0.23869,2.2271,5.9595,8.5221,7.8608,5.4093,3.1782,1.1501
-0.15658,-0.85483,-1.1392,-1.0728,-0.45465,1.7132,5.9105,8.5777,7.4107,4.6553,2.485,0.77426
-0.29657,-0.83034,-1.0574,-0.90029,-0.047782,2.2868,6.3915,8.5305,7.721,5.0862,2.723,0.96096
-0.10393,-0.74126,-1.0566,-1.0071,-0.23118,1.5056,4.5508,6.6362,5.8188,4.0909,2.2124,0.70688
-0.28077,-0.85802,-1.1121,-1.0931,-0.45697,1.2819,4.2121,6.3651,5.6825,3.8885,1.8367,0.26447
-0.50745,-1.0143,-1.2015,-1.0989,-0.50927,1.184,4.1208,5.7414,5.5012,3.7093,1.8754,0.35146
-0.47492,-0.958,-1.1729,-1.1214,-0.44424,1.1615,3.8617,6.1451,5.5164,3.6274,1.7512,0.40421
-0.4035,-0.83625,-1.1413,-1.154,-0.56984,1.1345,4.6569,7.3455,6.4865,4.348,2.4592,0.81182
-0.12533,-0.69452,-1.0192,-1.0017,-0.20356,2.0075,5.2357,7.287,6.8484,4.3713,2.3712,0.71564
-0.17317,-0.70078,-1.0344,-1.0281,-0.22875,1.9541,5.4499,7.2688,6.3745,4.1427,2.1548,0.65015
-0.18133,-0.69912,-0.97942,-0.85851,-0.13317,1.8322,5.3652,7.6638,7.0587,4.777,2.5563,0.88815
-0.22218,-0.77436,-1.1126,-1.1206,-0.53455,1.3044,4.7344,7.0432,6.3927,4.3647,2.1842,0.37412
-0.5348,-0.99565,-1.1891,-1.1474,-0.58132,1.0954,3.6958,5.7741,5.2161,3.484,1.7371,0.22708
-0.59888,-0.94354,-1.1206,-1.0193,-0.1696,2.6662,6.7461,9.0362,7.9507,5.6167,3.3628,1.2555
-0.088027,-0.79309,-1.1144,-1.1067,-0.63271,0.91378,4.3139,6.8563,6.2904,4.2092,2.3416,0.74696
-0.2154,-0.77161,-1.0312,-1.0066,-0.42241,1.5554,4.85,6.9472,6.3363,4.3606,2.3717,0.72636
-0.28287,-0.89937,-1.1162,-1.1012,-0.47594,1.4052,4.7208,7.0536,6.3933,4.256,2.1579,0.50872
-0.41307,-0.85684,-1.1344,-0.98655,-0.39206,1.5419,4.563,6.5273,5.9173,4.1102,2.0878,0.55782
-0.35785,-0.92654,-1.1392,-1.1139,-0.49341,1.2674,4.0288,6.0997,5.6698,3.7413,1.9085,0.556
-0.382,-0.91388,-1.1618,-1.1152,-0.27906,2.1908,6.175,8.5031,7.5948,5.3657,2.7905,0.99249
-0.11256,-0.76595,-1.1009,-1.0492,-0.26703,2.1492,5.8084,8.144,7.503,5.2525,2.8167,1.0273
-0.1164,-0.78135,-1.0627,-1.0057,-0.21413,2.048,5.3096,7.5529,6.8395,4.5742,2.4194,0.64676
-0.28389,-0.77272,-1.0506,-1.011,-0.24927,2.3358,6.4527,8.8425,8.0547,5.3938,2.8057,0.91207
-0.19168,-0.76207,-1.0026,-0.92603,-0.21568,1.6679,4.6808,6.7288,6.4319,4.1189,2.1062,0.59417
-0.16606,-0.67743,-0.97234,-0.91559,-0.16525,1.7287,4.7657,6.4859,5.8657,3.921,2.2048,0.82824
-0.10677,-0.69768,-0.94529,-0.85965,0.048148,2.2941,5.7612,7.9074,7.2891,4.8219,2.6747,1.0551
0.066019,-0.51623,-0.87851,-0.92288,-0.17992,2.3061,5.9485,7.9984,7.0476,4.7725,2.6319,0.82561
-0.24691,-0.84585,-1.1237,-1.1044,-0.60852,1.4767,5.244,8.1899,6.9838,4.749,2.4701,0.53811
-0.54458,-1.0334,-1.2395,-1.1532,-0.53648,1.3859,4.4787,6.5682,6.084,4.0068,1.8936,0.41336
-0.41606,-0.92927,-1.1722,-1.128,-0.52152,1.3545,4.668,6.7733,6.4978,4.2542,2.3772,0.69381
-0.31971,-0.77768,-1.0019,-0.87933,0.12854,2.3583,5.777,7.6738,6.7758,5.0733,2.9656,1.0698
-0.093917,-0.65779,-0.939,-0.86876,-0.12299,2.5924,7.3427,10.163,8.8864,6.1113,3.345,1.2819
-0.013953,-0.63063,-0.92855,-0.94469,-0.25462,1.5582,4.6505,6.768,5.9491,3.8804,1.9608,0.64542
-0.19805,-0.69613,-0.95206,-0.90715,-0.11393,1.9051,4.9342,6.9387,6.344,4.1871,2.0119,0.5496
-0.37373,-0.91198,-1.1862,-1.1029,-0.45973,1.4267,4.2653,6.223,5.842,3.7535,2.1508,0.56823
-0.38799,-0.88822,-1.1175,-1.0947,-0.39436,1.4993,4.6722,6.9375,6.3498,4.1741,2.0939,0.52543
-0.47479,-0.96413,-1.1547,-1.1262,-0.44818,1.6688,5.0776,7.0293,6.2484,4.0867,1.9712,0.45841
-0.4654,-1.0134,-1.2373,-1.1324,-0.4264,1.5262,4.4835,6.1366,5.4442,3.491,1.7716,0.38051
-0.3792,-0.87852,-1.1781,-1.191,-0.5469,1.2292,4.0603,5.8925,5.4109,3.4834,1.7798,0.30209
-0.54188,-0.95789,-1.1874,-1.0914,-0.39868,1.3033,4.4219,6.5993,6.2413,4.0347,2.038,0.43967
-0.37866,-0.81412,-1.0317,-0.98466,-0.12361,2.4996,6.3962,8.4102,7.4076,4.6498,2.2481,0.61374
-0.34169,-0.89584,-1.1439,-1.101,-0.61296,1.3362,4.7072,7.0047,6.4529,4.6045,2.4623,0.80471
-0.22071,-0.81274,-1.1525,-1.1098,-0.412,1.4445,4.4844,6.4126,6.0292,3.9063,1.9879,0.43882
-0.40678,-0.88913,-1.1138,-0.99871,-0.33292,1.4875,4.3605,6.5225,6.2783,4.2981,2.3033,0.67381
-0.31772,-0.85592,-1.0976,-1.0551,-0.31096,1.8639,4.8908,6.8376,5.8812,3.7369,1.8182,0.39608
-0.4811,-0.95624,-1.1352,-1.0932,-0.30291,2.0812,5.3858,7.4027,6.7744,4.7492,2.6096,0.95253
-0.26787,-0.91809,-1.2074,-1.1191,-0.34383,1.8795,5.528,7.9025,7.135,4.8795,2.532,0.78542
-0.34901,-0.97162,-1.1706,-1.0944,-0.53748,1.6119,4.9437,6.8927,6.0863,4.0372,2.2681,0.85542
-0.067275,-0.74111,-0.9839,-0.93843,-0.21878,2.242,5.8804,8.2228,7.131,5.0782,2.8931,1.0296
-0.060994,-0.69056,-0.96239,-0.86153,-0.17465,1.9936,5.8473,8.4874,7.4896,5.0651,2.8514,0.95405
-0.19122,-0.72453,-1.0556,-1.0342,-0.42892,1.4904,5.1134,7.7817,7.034,4.9732,2.7891,1.003
-0.15319,-0.70574,-0.98207,-0.89629,-0.10937,1.8354,4.7804,6.8376,6.3986,4.2802,2.5155,1.0206
0.027502,-0.62006,-0.98017,-0.92228,-0.080509,2.8275,6.7689,9.0224,7.8213,5.3257,2.9167,1.1147
-0.072417,-0.65507,-0.94306,-0.88274,-0.091718,2.0298,5.7039,8.1208,7.2733,4.9899,2.5949,0.88515
-0.062753,-0.61533,-0.94376,-0.95903,-0.098601,2.5848,6.4974,8.583,7.7607,5.2425,2.9348,1.0508
-0.062427,-0.69535,-0.95629,-0.8431,-0.1492,2.2224,5.6838,8.0295,7.2596,5.0588,2.9523,1.1942
0.025744,-0.50404,-0.79366,-0.73588,0.075599,2.6816,6.9281,9.3135,8.3698,6.1699,3.7539,1.4404
0.048148,-0.57156,-0.94442,-0.87142,-0.033181,2.2528,5.8849,7.8127,7.0851,4.8222,2.5757,0.96456
0.032279,-0.57664,-0.90679,-0.89341,-0.086261,2.1846,5.6942,7.6981,7.125,4.6759,2.5617,0.95014
0.0073939,-0.49063,-0.82618,-0.83797,-0.1588,1.9183,5.1673,7.131,6.5183,4.2984,2.2856,0.80124
-0.15186,-0.74725,-1.0554,-1.1025,-0.44334,1.5304,4.5852,6.6807,5.9538,3.8781,1.9818,0.46477
-0.39273,-0.7574,-0.88425,-0.88514,-0.055415,2.0748,5.4055,7.0854,6.7185,4.8821,2.651,0.9581
-0.18552,-0.67614,-0.88544,-0.89692,-0.142,2.3355,5.4151,7.5094,6.5822,4.481,2.3975,0.78848
