1.0289e-08,9.7925e-09,8.188e-09,9.5816e-09,4.3619e-09,1.0915e-09,5.4932e-10,4.8197e-10,1.1497e-09,3.6136e-09,6.4619e-09,9.3324e-09
9.5841e-09,9.6822e-09,1.0022e-08,7.0892e-09,3.1604e-09,7.9827e-10,3.486e-10,5.9189e-10,1.2871e-09,4.0267e-09,6.8811e-09,9.2179e-09
1.0017e-08,8.3777e-09,9.1459e-09,7.6088e-09,5.2626e-09,1.0866e-09,5.941e-10,7.3519e-10,1.2624e-09,4.3655e-09,6.2282e-09,9.362e-09
9.1034e-09,9.5836e-09,1.0212e-08,8.5414e-09,4.746e-09,1.1619e-09,7.5408e-10,6.7308e-10,1.7447e-09,4.5044e-09,7.6193e-09,9.6284e-09
1.0846e-08,8.3715e-09,1.0015e-08,7.0439e-09,4.2313e-09,1.0214e-09,4.5284e-10,4.5555e-10,1.2653e-09,3.7624e-09,7.0892e-09,9.9061e-09
9.9743e-09,1.0428e-08,9.2081e-09,8.9925e-09,5.1687e-09,1.3346e-09,4.7137e-10,6.7972e-10,1.3858e-09,3.7903e-09,7.6363e-09,1.001e-08
1.0742e-08,9.238e-09,1.0252e-08,8.7023e-09,4.0254e-09,9.1513e-10,4.0033e-10,4.0678e-10,7.287e-10,3.0521e-09,7.6382e-09,9.3218e-09
9.1826e-09,9.8477e-09,9.3547e-09,8.9244e-09,4.6549e-09,8.9839e-10,4.8557e-10,4.9423e-10,1.2276e-09,3.4323e-09,6.648e-09,1.0087e-08
9.6337e-09,8.796e-09,9.1658e-09,8.1415e-09,4.3288e-09,1.4007e-09,4.4558e-10,4.9001e-10,1.3295e-09,3.2376e-09,7.8531e-09,9.2485e-09
9.9746e-09,9.5364e-09,1.0574e-08,8.4154e-09,4.1499e-09,1.108e-09,6.7654e-10,6.7345e-10,1.3336e-09,4.443e-09,7.3563e-09,9.7236e-09
9.5604e-09,9.9474e-09,9.025e-09,8.7293e-09,4.0042e-09,1.06e-09,4.6051e-10,6.2323e-10,1.3662e-09,3.4645e-09,6.9152e-09,8.9399e-09
1.0579e-08,1.0148e-08,9.4836e-09,7.369e-09,3.6543e-09,8.8949e-10,5.4037e-10,6.2835e-10,1.26e-09,3.265e-09,6.9917e-09,1.0083e-08
1.005e-08,8.7162e-09,9.9265e-09,8.414e-09,3.9358e-09,9.194e-10,4.6548e-10,5.2183e-10,9.9984e-10,3.595e-09,6.5807e-09,9.0207e-09
1.1065e-08,8.8721e-09,1.0143e-08,7.5277e-09,2.9706e-09,1.1361e-09,4.0655e-10,4.455e-10,8.6337e-10,3.4523e-09,6.8328e-09,9.4566e-09
1.007e-08,1.1081e-08,9.9989e-09,6.8324e-09,4.6036e-09,9.0005e-10,4.8277e-10,4.1576e-10,1.0674e-09,3.2712e-09,6.9388e-09,9.3291e-09
9.6369e-09,9.6795e-09,9.1436e-09,8.8545e-09,2.9972e-09,1.1651e-09,3.9435e-10,4.9445e-10,1.0904e-09,3.8061e-09,7.3052e-09,9.49e-09
1.0558e-08,9.8452e-09,8.8845e-09,8.2012e-09,5.011e-09,8.9418e-10,3.5029e-10,5.0177e-10,9.9766e-10,3.7144e-09,6.6998e-09,9.8558e-09
9.9015e-09,9.9368e-09,9.7796e-09,8.7179e-09,4.061e-09,9.8992e-10,4.0357e-10,4.5873e-10,1.0549e-09,3.5684e-09,6.7694e-09,9.4366e-09
9.7454e-09,1.0392e-08,1.0172e-08,8.6605e-09,3.8834e-09,7.1007e-10,2.3272e-10,4.8961e-11,6.1019e-10,3.067e-09,6.7165e-09,9.0071e-09
1.0313e-08,1.0214e-08,9.1679e-09,8.2987e-09,4.1513e-09,5.8137e-10,3.255e-10,2.3652e-10,1.1071e-09,3.088e-09,6.6646e-09,9.6553e-09
1.0044e-08,1.0683e-08,9.2848e-09,8.5394e-09,4.3804e-09,8.5557e-10,2.9234e-10,3.8743e-10,9.9262e-10,2.8862e-09,6.8374e-09,8.2808e-09
9.9714e-09,1.0033e-08,1.038e-08,8.3536e-09,4.5309e-09,8.896e-10,2.8848e-10,3.8429e-10,1.2395e-09,3.3858e-09,6.1732e-09,8.6211e-09
1.0009e-08,9.1144e-09,9.8997e-09,7.9551e-09,4.8939e-09,1.1052e-09,5.487e-10,4.4556e-10,1.2951e-09,3.4497e-09,7.6499e-09,9.7853e-09
1.0479e-08,9.6815e-09,9.6771e-09,8.2433e-09,3.5739e-09,1.4803e-09,4.9136e-10,4.467e-10,1.2184e-09,3.4786e-09,7.5155e-09,9.5894e-09
9.7781e-09,9.8557e-09,9.1715e-09,7.8694e-09,3.6527e-09,9.7365e-10,4.4224e-10,5.3109e-10,1.0015e-09,3.633e-09,6.768e-09,8.5572e-09
1.0969e-08,8.7157e-09,9.9506e-09,8.8157e-09,5.0508e-09,9.5067e-10,4.2385e-10,5.5124e-10,1.2655e-09,3.4751e-09,7.3737e-09,1.0069e-08
1.0528e-08,1.0434e-08,9.0414e-09,8.3756e-09,3.3156e-09,1.0273e-09,5.3943e-10,5.7303e-10,1.1724e-09,3.7358e-09,6.3879e-09,9.5416e-09
8.932e-09,1.087e-08,8.9775e-09,7.4332e-09,5.5939e-09,1.4132e-09,4.4114e-10,5.1104e-10,1.3873e-09,4.403e-09,8.4855e-09,9.8364e-09
9.9868e-09,1.0413e-08,9.3113e-09,8.6299e-09,4.6762e-09,1.0053e-09,2.2177e-10,1.5499e-10,9.768e-10,3.0566e-09,6.7922e-09,9.7474e-09
1.1158e-08,1.035e-08,9.2506e-09,8.0213e-09,4.5929e-09,1.1776e-09,2.5889e-10,2.7235e-10,9.1559e-10,3.5824e-09,7.0439e-09,8.2389e-09
9.8859e-09,1.1609e-08,8.401e-09,8.5735e-09,4.7578e-09,1.054e-09,5.027e-10,6.0538e-10,1.712e-09,3.6941e-09,7.1393e-09,9.8122e-09
1.0025e-08,1.0664e-08,9.9589e-09,8.2359e-09,4.127e-09,6.9019e-10,2.9663e-10,3.743e-10,1.1903e-09,3.739e-09,7.198e-09,9.0851e-09
9.7307e-09,1.0209e-08,9.5007e-09,7.7616e-09,4.5756e-09,7.4719e-10,2.8699e-10,3.6805e-10,9.4747e-10,3.581e-09,7.3439e-09,8.8625e-09
9.0992e-09,1.122e-08,8.3328e-09,7.5586e-09,4.2059e-09,1.2713e-09,5.1987e-10,5.3687e-10,1.519e-09,3.4222e-09,6.8153e-09,9.2475e-09
1.0979e-08,9.8224e-09,9.3555e-09,7.7066e-09,4.1549e-09,8.1396e-10,2.8916e-10,5.2432e-10,1.0425e-09,3.216e-09,6.6206e-09,1.0305e-08
9.9138e-09,1.1003e-08,9.1254e-09,7.8512e-09,4.1396e-09,8.8641e-10,1.5432e-10,1.3833e-10,7.9227e-10,3.0794e-09,5.2111e-09,8.8094e-09
9.1376e-09,1.0292e-08,9.0929e-09,8.2549e-09,3.3043e-09,7.9751e-10,2.8611e-10,2.3538e-10,1.0095e-09,3.2283e-09,7.1013e-09,9.576e-09
9.6166e-09,9.8507e-09,9.4465e-09,7.5084e-09,3.9828e-09,5.8422e-10,1.3636e-10,1.9512e-11,8.3329e-10,3.591e-09,5.9244e-09,9.0096e-09
1.0002e-08,9.7162e-09,9.5651e-09,8.0089e-09,4.4858e-09,1.076e-09,3.9928e-10,4.0902e-10,1.33e-09,3.3936e-09,7.614e-09,9.5057e-09
1.0727e-08,8.6541e-09,9.2334e-09,8.258e-09,3.7522e-09,9.6422e-10,4.8709e-10,4.3996e-10,1.0342e-09,3.3054e-09,6.3606e-09,9.496e-09
1.0558e-08,9.2992e-09,9.4014e-09,9.1141e-09,4.2398e-09,1.2042e-09,2.4323e-10,1.2034e-10,6.4596e-10,2.8589e-09,6.1096e-09,8.7829e-09
1.0197e-08,9.9144e-09,9.3863e-09,7.0573e-09,3.7396e-09,9.2187e-10,2.4851e-10,9.6922e-11,7.516e-10,2.7009e-09,6.0968e-09,8.5123e-09
9.6743e-09,8.9302e-09,8.731e-09,8.0372e-09,3.1712e-09,1.1121e-09,3.5718e-10,3.1079e-10,1.0208e-09,3.1384e-09,5.9582e-09,9.1992e-09
1.0365e-08,9.2758e-09,9.4705e-09,7.2565e-09,2.9312e-09,1.0447e-09,2.7584e-10,3.0905e-10,1.2204e-09,3.6308e-09,6.9554e-09,8.9968e-09
9.6215e-09,9.956e-09,9.9508e-09,7.6395e-09,4.4963e-09,1.1642e-09,3.11e-10,3.1672e-10,6.5516e-10,3.4693e-09,6.6211e-09,9.2453e-09
1.0004e-08,9.6611e-09,8.4455e-09,7.6613e-09,4.1034e-09,7.1699e-10,2.3811e-10,3.5981e-11,6.7144e-10,3.0026e-09,6.5215e-09,7.9975e-09
8.7711e-09,9.4933e-09,8.784e-09,7.2013e-09,4.0382e-09,1.2104e-09,3.2536e-10,2.6364e-10,7.5387e-10,2.3169e-09,6.3781e-09,8.9731e-09
8.9126e-09,9.4267e-09,1.0079e-08,6.6914e-09,3.496e-09,8.1965e-10,1.6218e-10,6.4144e-12,6.1171e-10,3.4838e-09,5.7585e-09,8.9306e-09
9.6094e-09,9.8717e-09,9.1752e-09,8.4715e-09,4.3694e-09,1.0471e-09,2.8661e-10,3.2507e-10,6.4671e-10,2.4188e-09,7.0306e-09,9.239e-09
9.9401e-09,1.0487e-08,8.9e-09,7.6153e-09,3.2317e-09,8.4432e-10,3.2017e-10,2.8482e-10,1.0235e-09,2.1238e-09,6.1457e-09,8.3026e-09
9.7858e-09,9.7245e-09,8.7377e-09,7.1411e-09,3.3872e-09,8.6739e-10,1.709e-10,9.8217e-11,5.523e-10,2.4903e-09,5.6472e-09,7.9022e-09
9.6959e-09,9.4576e-09,9.3323e-09,7.164e-09,4.1518e-09,9.3112e-10,2.8433e-10,2.4325e-10,1.0714e-09,3.1261e-09,6.9695e-09,9.0873e-09
1.0115e-08,1.078e-08,8.8248e-09,6.7244e-09,3.8247e-09,7.0364e-10,2.0749e-10,1.4139e-10,7.4822e-10,2.5317e-09,5.1562e-09,8.9182e-09
9.6327e-09,9.9426e-09,9.3571e-09,7.9298e-09,3.1525e-09,9.2682e-10,2.7284e-10,3.1133e-10,1.0524e-09,3.2036e-09,6.0169e-09,8.7478e-09
1.0096e-08,1.0544e-08,9.3141e-09,7.65e-09,3.5704e-09,1.0301e-09,2.4881e-10,1.1798e-10,5.8234e-10,2.9224e-09,6.3508e-09,7.9285e-09
9.3916e-09,8.9454e-09,8.422e-09,8.588e-09,3.9236e-09,1.2442e-09,3.8857e-10,1.9696e-10,1.1108e-09,3.4082e-09,6.2387e-09,8.7145e-09
1.0525e-08,9.8583e-09,8.6805e-09,7.7773e-09,3.8381e-09,1.2065e-09,3.6076e-10,2.3993e-10,1.0091e-09,3.3192e-09,6.0127e-09,8.6036e-09
8.7718e-09,1.0327e-08,8.853e-09,7.3364e-09,3.0272e-09,8.5758e-10,2.6181e-10,2.7127e-10,5.7136e-10,2.1706e-09,6.7303e-09,8.2833e-09
9.5727e-09,1.0794e-08,9.3984e-09,8.474e-09,4.3705e-09,1.063e-09,3.3396e-10,3.035e-10,1.0718e-09,2.8309e-09,6.96e-09,8.9982e-09
1.0187e-08,9.0369e-09,9.8788e-09,8.1232e-09,3.6545e-09,7.6488e-10,1.9891e-10,7.708e-11,7.0221e-10,3.6332e-09,6.5579e-09,8.6317e-09
9.9715e-09,9.4539e-09,9.4563e-09,7.5172e-09,4.2773e-09,9.899e-10,3.6128e-10,1.1349e-10,8.8786e-10,2.9423e-09,6.6952e-09,9.2499e-09
9.8483e-09,1.0109e-08,8.8897e-09,8.4926e-09,4.0212e-09,1.1567e-09,2.6525e-10,1.4835e-10,6.6566e-10,3.1874e-09,6.2958e-09,8.6733e-09
1.0596e-08,1.0341e-08,9.8796e-09,7.7722e-09,4.431e-09,1.2691e-09,3.7079e-10,3.4423e-10,1.0669e-09,3.4084e-09,7.1077e-09,9.0586e-09
9.8761e-09,9.9525e-09,9.6065e-09,8.1675e-09,4.3183e-09,1.3362e-09,1.8425e-10,1.3395e-10,9.8224e-10,3.0266e-09,6.3096e-09,7.7876e-09
8.6656e-09,9.4888e-09,9.001e-09,7.6222e-09,3.3684e-09,7.5012e-10,7.3451e-11,3.4289e-12,3.8745e-10,2.485e-09,5.8485e-09,8.6976e-09
9.5884e-09,1.0646e-08,8.8631e-09,7.5511e-09,3.297e-09,9.8459e-10,2.6015e-10,2.2438e-11,5.3441e-10,2.4833e-09,6.0263e-09,8.1757e-09
9.4369e-09,1.0208e-08,9.0753e-09,7.3331e-09,4.3244e-09,9.6979e-10,3.2792e-10,2.2338e-10,6.9043e-10,2.3976e-09,6.2114e-09,7.6443e-09
1.0623e-08,1.0029e-08,9.3175e-09,8.3773e-09,2.623e-09,9.9782e-10,2.0261e-10,3.3422e-11,5.4053e-10,2.5222e-09,6.1727e-09,8.3197e-09
8.9585e-09,1.0538e-08,9.9137e-09,7.5363e-09,3.7739e-09,6.6311e-10,4.3484e-11,9.7537e-12,1.7933e-10,2.4845e-09,5.3426e-09,8.412e-09
8.8242e-09,1.0484e-08,9.6472e-09,6.5683e-09,2.8598e-09,5.2219e-10,2.0373e-10,3.6028e-11,7.3652e-10,2.4772e-09,6.1048e-09,9.0467e-09
9.9995e-09,9.0889e-09,9.114e-09,8.4843e-09,3.1501e-09,7.8247e-10,1.1891e-10,1.2055e-10,7.9425e-10,2.6288e-09,6.7318e-09,8.6561e-09
9.7025e-09,1.0628e-08,9.0218e-09,7.8041e-09,3.0509e-09,7.1162e-10,1.8586e-10,6.4705e-11,4.3336e-10,2.5419e-09,5.614e-09,8.4745e-09
9.1623e-09,9.9879e-09,1.0003e-08,8.1717e-09,4.0138e-09,9.118e-10,2.3807e-10,3.5077e-11,7.8923e-10,2.4259e-09,6.3569e-09,8.6056e-09
1.011e-08,9.6842e-09,9.125e-09,8.4697e-09,3.9814e-09,7.3633e-10,2.4077e-10,1.0337e-10,4.5613e-10,2.6668e-09,5.6803e-09,8.8586e-09
9.9735e-09,1.0561e-08,8.4553e-09,8.3011e-09,3.0861e-09,6.8526e-10,1.8862e-10,1.1293e-10,6.4049e-10,2.609e-09,5.2312e-09,8.6427e-09
1.0132e-08,8.2132e-09,9.1808e-09,8.6707e-09,4.5068e-09,1.2156e-09,3.6284e-10,2.5608e-10,8.9306e-10,2.9223e-09,6.4825e-09,9.1185e-09
1.0896e-08,8.7792e-09,1.0249e-08,7.6111e-09,3.8016e-09,8.3149e-10,3.6942e-10,3.0369e-10,9.8967e-10,2.6596e-09,6.5924e-09,9.6218e-09
9.4761e-09,9.9488e-09,9.8736e-09,7.2692e-09,3.3346e-09,9.1947e-10,3.5656e-10,1.6358e-10,8.1339e-10,2.5736e-09,5.1187e-09,8.4805e-09
9.9292e-09,9.2992e-09,9.663e-09,8.558e-09,3.9704e-09,1.0609e-09,4.0209e-10,5.7545e-10,1.0055e-09,2.8312e-09,6.46e-09,8.4138e-09
9.5919e-09,1.0285e-08,9.9349e-09,7.7087e-09,4.2473e-09,6.2055e-10,2.0421e-10,1.7479e-10,7.2557e-10,2.8077e-09,6.0272e-09,9.2122e-09
9.3503e-09,1.012e-08,8.4962e-09,8.6518e-09,3.6803e-09,9.2796e-10,3.2217e-10,3.5647e-10,1.0228e-09,3.9274e-09,6.7097e-09,8.9196e-09
1.0039e-08,1.0559e-08,9.2227e-09,7.772e-09,4.0038e-09,9.5981e-10,3.1352e-10,2.3285e-10,8.4502e-10,2.7825e-09,6.7047e-09,9.1084e-09
1.0786e-08,1.0299e-08,8.841e-09,8.2998e-09,4.1838e-09,1.2787e-09,4.8821e-10,5.2691e-10,1.1803e-09,3.993e-09,6.9667e-09,8.5995e-09
8.9013e-09,9.789e-09,9.1989e-09,7.2392e-09,2.8646e-09,9.748e-10,3.2236e-10,3.8172e-10,7.4482e-10,2.7012e-09,6.2586e-09,8.748e-09
9.7381e-09,8.0552e-09,8.6928e-09,6.7092e-09,4.5619e-09,9.4143e-10,3.8499e-10,2.4242e-10,8.5333e-10,2.5311e-09,6.9227e-09,8.5577e-09
9.7802e-09,9.5639e-09,9.0345e-09,7.4729e-09,3.858e-09,9.0474e-10,3.1655e-10,3.0646e-10,6.8153e-10,2.7127e-09,5.3986e-09,8.9766e-09
1.0223e-08,1.0038e-08,8.7621e-09,8.057e-09,3.6716e-09,1.2641e-09,3.6407e-10,3.5805e-10,1.0038e-09,3.1197e-09,6.107e-09,8.7557e-09
9.1964e-09,9.7532e-09,8.905e-09,8.7232e-09,3.1079e-09,1.079e-09,3.5035e-10,3.2196e-10,8.9525e-10,2.3145e-09,6.3094e-09,7.4174e-09
9.3897e-09,1.0532e-08,8.9338e-09,6.5913e-09,2.912e-09,1.082e-09,3.3827e-10,2.2306e-10,7.3688e-10,2.904e-09,6.7263e-09,8.5374e-09
9.1563e-09,1.0568e-08,9.6973e-09,7.4683e-09,5.0051e-09,6.5978e-10,2.2633e-10,1.2833e-10,6.0466e-10,3.1715e-09,6.9376e-09,8.3834e-09
9.4027e-09,1.1218e-08,9.2695e-09,7.3416e-09,2.5908e-09,6.3273e-10,6.2099e-11,3.4525e-12,3.4558e-10,2.1097e-09,5.0607e-09,7.728e-09
9.9861e-09,1.0345e-08,9.8086e-09,8.6915e-09,4.3835e-09,6.16e-10,1.7649e-10,8.3132e-11,5.8101e-10,2.4123e-09,6.2987e-09,8.8311e-09
1.0596e-08,1.0126e-08,9.2577e-09,8.66e-09,3.4172e-09,7.7269e-10,4.3387e-10,1.26e-10,7.3752e-10,2.2549e-09,6.6692e-09,7.9106e-09
1.0287e-08,9.1293e-09,9.485e-09,7.7467e-09,4.5149e-09,9.4834e-10,3.5309e-10,3.1369e-10,1.0272e-09,3.1505e-09,7.3785e-09,8.9869e-09
9.6729e-09,9.7821e-09,9.9975e-09,7.0614e-09,3.6822e-09,1.0545e-09,2.05e-10,7.888e-11,5.7621e-10,2.8793e-09,6.167e-09,9.14e-09
9.8044e-09,1.0019e-08,8.9539e-09,7.5283e-09,4.3451e-09,8.8538e-10,3.6321e-10,1.5965e-10,1.0888e-09,3.0084e-09,6.0985e-09,8.7745e-09
9.6383e-09,9.8103e-09,8.6874e-09,9.3378e-09,3.7672e-09,1.1986e-09,3.4759e-10,3.594e-10,1.0071e-09,3.5996e-09,7.3296e-09,9.7896e-09
9.2076e-09,9.2806e-09,1.0114e-08,6.8838e-09,3.6768e-09,1.1066e-09,2.8485e-10,4.1952e-11,5.3619e-10,2.6644e-09,5.9226e-09,8.8535e-09
1.0067e-08,1.0327e-08,9.5692e-09,7.3341e-09,4.4955e-09,7.5044e-10,2.8276e-10,1.9897e-10,6.8949e-10,3.4234e-09,6.2131e-09,9.3847e-09
9.584e-09,9.8573e-09,8.7862e-09,7.5305e-09,3.4034e-09,8.3485e-10,2.3358e-10,1.2477e-11,6.4368e-10,2.4935e-09,7.0563e-09,8.6796e-09
