9.5595e+06,1.2116e+07,1.3798e+07,1.3829e+07,1.2554e+07,1.0338e+07,5.7835e+06,1.9174e+06,4.7368e+05,3.9682e+05,1.6477e+06,5.1483e+06
9.9073e+06,1.2141e+07,1.3615e+07,1.3996e+07,1.2708e+07,1.0611e+07,5.858e+06,1.2826e+06,3.9343e+05,3.2411e+05,9.8639e+05,3.0844e+06
9.2705e+06,1.2042e+07,1.3459e+07,1.3506e+07,1.2324e+07,1.0073e+07,5.6695e+06,1.5281e+06,3.1496e+05,3.7143e+05,1.5808e+06,4.9879e+06
9.0448e+06,1.1907e+07,1.3057e+07,1.3199e+07,1.2161e+07,1.0212e+07,4.6592e+06,9.8914e+05,2.4549e+05,1.5385e+05,8.602e+05,2.8207e+06
7.0567e+06,1.1717e+07,1.359e+07,1.4022e+07,1.2961e+07,9.9289e+06,5.336e+06,9.1319e+05,2.1623e+05,1.0085e+05,8.6363e+05,2.8957e+06
6.9435e+06,1.0646e+07,1.2077e+07,1.2782e+07,1.1252e+07,9.0641e+06,4.2834e+06,6.94e+05,1.8829e+05,80098,2.5776e+05,1.1916e+06
3.2221e+06,1.0012e+07,1.2451e+07,1.2854e+07,1.1436e+07,7.4976e+06,2.5894e+06,1.0282e+05,12095,1555,53340,6.3905e+05
3.2853e+06,8.9671e+06,1.1299e+07,1.2178e+07,1.1213e+07,8.9049e+06,5.4345e+06,8.4539e+05,1.9545e+05,1.8459e+05,1.0534e+06,2.4336e+06
7.0576e+06,1.05e+07,1.2118e+07,1.1959e+07,1.0936e+07,7.7365e+06,2.556e+06,2.8795e+05,41062,15896,4.0618e+05,1.1736e+06
5.1503e+06,9.0834e+06,1.1535e+07,1.2546e+07,1.1529e+07,9.0639e+06,5.3291e+06,6.5325e+05,73941,22953,3.9018e+05,1.1271e+06
4.8608e+06,9.4771e+06,1.1503e+07,1.1867e+07,1.0421e+07,8.1713e+06,3.708e+06,2.8128e+05,31441,9491.1,5278.3,4.8113e+05
1.9614e+06,9.593e+06,1.1266e+07,1.1038e+07,1.0706e+07,8.5763e+06,4.4684e+06,3.5213e+05,45091,10096,1.2113e+05,8.6895e+05
4.2981e+06,9.6742e+06,1.2011e+07,1.2559e+07,1.1398e+07,8.7879e+06,4.436e+06,4.9533e+05,57559,11560,2.7487e+05,1.5314e+06
7.0389e+06,1.0823e+07,1.0883e+07,1.1485e+07,1.0873e+07,8.4595e+06,3.2546e+06,2.0069e+05,29915,5100.2,93969,8.1166e+05
4.681e+06,1.0059e+07,1.1756e+07,1.215e+07,1.1201e+07,8.7444e+06,1.8972e+06,2.4364e+05,24305,7301.5,88338,1.2241e+06
4.4919e+06,1.0365e+07,1.2132e+07,1.2708e+07,1.1747e+07,9.1057e+06,4.5775e+06,6.1369e+05,64391,15688,1.4822e+05,1.6024e+06
6.0384e+06,1.0352e+07,1.1427e+07,1.1706e+07,1.0724e+07,8.456e+06,4.4136e+06,5.8523e+05,79254,30519,7.1089e+05,1.7426e+06
5.4455e+06,9.9534e+06,1.1545e+07,1.1866e+07,1.102e+07,8.929e+06,2.7396e+06,4.7901e+05,72614,30983,4.4634e+05,1.087e+06
3.62e+06,9.7194e+06,1.1757e+07,1.1872e+07,1.0971e+07,8.7493e+06,4.5863e+06,4.449e+05,56979,16124,4.5421e+05,1.6219e+06
6.284e+06,1.0101e+07,1.1519e+07,1.2318e+07,1.1222e+07,7.9371e+06,2.2329e+06,1.8372e+05,20755,4794.1,2232.2,6.1065e+05
3.4721e+06,9.7103e+06,1.0854e+07,1.1356e+07,1.0342e+07,7.7175e+06,3.632e+06,3.8897e+05,41769,11285,80306,1.9813e+06
5.9751e+06,1.0094e+07,1.1588e+07,1.169e+07,1.0681e+07,8.0463e+06,2.6321e+06,3.8082e+05,46333,13124,7897.7,5.8873e+05
2.9985e+06,8.6877e+06,1.0319e+07,1.1401e+07,1.0479e+07,7.0862e+06,1.7881e+06,1.148e+05,10362,2035.6,750.76,3.4901e+05
1.4284e+06,7.8814e+06,9.9485e+06,1.145e+07,1.0783e+07,8.2526e+06,3.5023e+06,2.1122e+05,19514,4255.1,1697.1,6.5056e+05
4.0774e+06,8.9974e+06,1.1375e+07,1.1431e+07,1.0815e+07,7.7085e+06,2.5805e+06,3.0196e+05,26363,4916.8,1472.6,84770
7.9239e+05,5.2898e+06,9.5716e+06,1.0776e+07,1.0079e+07,7.621e+06,3.3426e+06,1.3047e+05,10400,2103.1,1001.1,5.4724e+05
3.4673e+06,8.8426e+06,1.0245e+07,1.041e+07,9.852e+06,8.1329e+06,2.012e+06,2.4974e+05,22361,6453.4,1.3809e+05,7.9414e+05
2.267e+06,7.5202e+06,9.7112e+06,1.0341e+07,9.7381e+06,7.6207e+06,3.7123e+06,2.2336e+05,16925,4180.6,17364,1.0383e+06
3.2637e+06,8.4369e+06,1.0453e+07,1.1329e+07,1.058e+07,5.9882e+06,5.8363e+05,29878,2121,229.69,92.571,1.6626e+05
1.0111e+06,5.5169e+06,9.2836e+06,1.1261e+07,1.0598e+07,6.566e+06,1.025e+06,30905,1674.9,154.7,48.195,81115
7.7302e+05,5.5926e+06,9.2274e+06,1.0241e+07,9.9407e+06,7.4371e+06,2.7478e+06,81934,7678.7,1782.1,697.71,3.2217e+05
2.1355e+06,7.5903e+06,1.0303e+07,1.0802e+07,1.0124e+07,7.9628e+06,4.0819e+06,2.2148e+05,26083,4316.6,1616.5,5.3151e+05
2.0651e+06,5.5835e+06,9.5504e+06,9.9981e+06,9.5095e+06,7.2e+06,3.5584e+06,1.7251e+05,20523,3953.6,1.2698e+05,1.2468e+06
3.1607e+06,8.6643e+06,1.0493e+07,1.1167e+07,1.0335e+07,7.8349e+06,2.7605e+06,1.7629e+05,22074,3725.8,1210.9,2.6496e+05
1.2928e+06,6.0707e+06,9.4195e+06,9.5173e+06,9.1654e+06,7.1282e+06,1.5187e+06,45331,3355.1,470.06,182.81,114.71
2.1939e+05,1.6243e+06,5.9011e+06,8.8902e+06,7.4046e+06,4.6381e+06,2.8448e+05,5341,166.64,9.2425,1.7834,0.57494
53291,1.0348e+06,1.9065e+06,5.7492e+06,5.0403e+06,1.3769e+06,30524,935.23,22.322,1.0124,0.075999,0.0065912
3876,1.2219e+06,2.963e+06,6.4225e+06,6.5861e+06,4.2783e+06,3.5861e+05,2117.6,112.57,7.0298,0.92457,0.30499
5.3517e+05,3.7635e+06,8.5631e+06,9.9931e+06,9.1485e+06,5.9712e+06,5.9805e+05,20409,1156,100.06,19.14,8.9046
2.488e+05,1.7382e+06,6.6323e+06,8.8811e+06,8.2158e+06,6.2276e+06,1.6635e+06,31236,2701.7,420.32,224.16,2.34e+05
1.2463e+06,5.7942e+06,9.1459e+06,1.0383e+07,9.1643e+06,6.411e+06,1.6092e+06,43058,3815.6,706.79,316.44,3.2438e+05
1.0309e+06,2.2543e+06,5.9377e+06,8.3144e+06,8.1949e+06,6.3511e+06,2.5928e+06,56010,4409.7,823.58,318.25,4.6982e+05
1.8404e+06,7.1209e+06,9.5975e+06,1.0839e+07,9.8175e+06,6.7625e+06,1.5792e+06,49181,4474.4,597.69,212.45,2.7637e+05
1.6693e+06,6.8099e+06,9.8203e+06,1.0504e+07,9.8888e+06,7.2051e+06,2.3168e+06,1.9352e+05,14033,2889.4,939.74,2.1161e+05
1.6458e+06,6.0049e+06,8.7173e+06,9.8664e+06,8.8336e+06,6.8158e+06,1.8246e+06,45215,3723.7,568.17,270.49,1.9478e+05
1.0075e+06,3.294e+06,5.9636e+06,9.0238e+06,8.4699e+06,6.2493e+06,1.9311e+06,1.0412e+05,7358.8,1709.1,731.37,2.9398e+05
1.0355e+06,5.4063e+06,8.5871e+06,9.7301e+06,8.8364e+06,4.3669e+06,6.5261e+05,23036,2545.6,460.9,183.28,35231
3.942e+05,2.1154e+06,7.105e+06,8.6728e+06,7.8783e+06,6.1376e+06,1.2597e+06,18908,1479.5,213.38,114.5,2.6991e+05
1.1627e+06,4.1137e+06,9.676e+06,1.0735e+07,9.8765e+06,7.7965e+06,2.3965e+06,1.0114e+05,7561.3,1102.7,434.59,3.8458e+05
1.8795e+06,5.3242e+06,9.1164e+06,1.0301e+07,9.3602e+06,7.3279e+06,1.4855e+06,55136,4456.4,884.96,329.35,2.1595e+05
1.1725e+06,3.524e+06,7.5187e+06,8.5525e+06,8.3233e+06,5.8646e+06,8.0889e+05,20791,1954.1,292.54,147.19,51795
1.0002e+06,2.9884e+06,6.8782e+06,9.9948e+06,9.38e+06,6.8299e+06,1.9034e+06,2.384e+05,17152,5696.4,35996,6.4557e+05
2.1478e+06,7.8147e+06,1.0371e+07,1.0983e+07,1.0018e+07,8.2021e+06,1.5514e+06,1.3602e+05,12105,2656.5,1.3445e+05,5.4032e+05
1.7339e+06,5.6517e+06,9.8952e+06,1.059e+07,9.6738e+06,7.1793e+06,1.2249e+06,82323,7231.3,1476.6,597.44,3.9949e+05
1.878e+06,6.6709e+06,1.0201e+07,1.0692e+07,9.4393e+06,7.1547e+06,3.5156e+06,1.9979e+05,17205,5162.9,85299,5.6975e+05
1.7023e+06,5.9532e+06,1.0308e+07,1.0677e+07,9.8188e+06,7.1034e+06,2.4159e+06,83233,7770.8,1262.3,342.93,3.9903e+05
1.5528e+06,6.497e+06,9.1877e+06,1.033e+07,9.6124e+06,7.225e+06,1.8648e+06,1.3434e+05,11617,3294.4,1824.6,6.2037e+05
2.1744e+06,8.1092e+06,9.4947e+06,1.0249e+07,9.2353e+06,6.9853e+06,1.6802e+06,47130,3777.3,595.81,170.16,100.12
5.3181e+05,5.2448e+06,8.8968e+06,1.0237e+07,8.9473e+06,4.2824e+06,1.1921e+05,4209.7,196.12,13.11,1.4708,0.51175
38701,3.2349e+06,7.4732e+06,9.1176e+06,8.5993e+06,6.4802e+06,1.3184e+06,29501,2480.1,353.01,154.94,2.5059e+05
1.3804e+06,5.4303e+06,8.721e+06,9.9482e+06,9.7539e+06,6.6593e+06,1.5669e+06,53302,4748.8,769.82,300.04,86788
9.6997e+05,5.5197e+06,8.9758e+06,1.0611e+07,9.6922e+06,6.1546e+06,1.0397e+06,26558,1859.1,216.2,71.154,44.405
3.5678e+05,4.0201e+06,8.1945e+06,1.0287e+07,9.1052e+06,5.6879e+06,1.1851e+06,19767,1058.4,115.71,22.151,8.7035
3.1584e+05,2.1502e+06,6.8372e+06,8.1855e+06,7.7321e+06,4.3478e+06,6.8875e+05,12328,708.91,97.174,35.724,25.4
6.3721e+05,1.7727e+06,2.8661e+06,5.8742e+06,5.6072e+06,2.7241e+06,47750,828.52,18.849,0.39251,0.041771,0.0026824
23614,1.8224e+06,5.4693e+06,8.5414e+06,8.3729e+06,5.6914e+06,9.9415e+05,8487.4,593.25,100.95,27.274,13.008
96773,1.1016e+06,3.1725e+06,6.6969e+06,5.9631e+06,1.7231e+06,10371,254.08,2.0443,0.023797,3.6361e-06,0
0,6.7879e+05,2.4704e+06,4.3269e+06,2.3662e+06,2.2532e+05,3268.6,72.189,0.34833,0,0,0
1.2766e+05,5.8608e+05,3.0716e+06,7.0612e+06,6.7631e+06,4.2898e+06,80896,1440.8,62.617,3.0111,0.37169,0.16962
2.4327e+05,1.5964e+06,6.9325e+06,8.5533e+06,6.5705e+06,1.4682e+06,14748,465.28,9.6483,0.1815,0.00060128,0
1.3258e+05,1.3113e+06,5.5464e+06,8.5923e+06,7.8166e+06,5.7306e+06,6.8212e+05,14335,938.9,124.19,62.457,50.538
7.3995e+05,3.2404e+06,7.4856e+06,9.9258e+06,8.7738e+06,5.252e+06,9.3353e+05,11111,656.76,82.26,23.188,12.122
5.2253e+05,4.9178e+06,8.8897e+06,9.8654e+06,8.8018e+06,6.1697e+06,1.4396e+06,39942,2595.4,243.95,88.889,57.736
3.6392e+05,1.4973e+06,3.7266e+06,7.6798e+06,6.6065e+06,3.0848e+06,25239,1137,54.636,1.9467,0.04434,0.00067936
5.9174e-06,1.566e+05,1.7965e+06,5.0938e+06,2.9531e+06,3.2658e+05,1854.6,31.626,0.1042,0.00046606,0,0
7582.7,1.7419e+05,1.6145e+06,2.3285e+06,2.1687e+06,9.0736e+05,12031,284.77,8.1856,0.32124,0.0023052,0
0,7.1715e+05,1.4889e+06,3.638e+06,3.115e+06,1.4129e+06,1.86e+05,754.58,24.162,1.6992,0.38849,0.19877
50320,6.506e+05,1.1149e+06,2.7467e+06,1.987e+06,2.8162e+05,2734.8,46.549,0.064969,0,0,0
0,2.4306e+05,1.7486e+06,2.8307e+06,3.0464e+06,1.6593e+06,89572,717.04,25.236,1.4925,0.097807,0.00043626
4.9924e-05,5.5552e+05,1.6839e+06,2.864e+06,2.6247e+06,1.3176e+06,1.8365e+05,672.27,24.876,2.7989,0.80881,0.44988
0.35155,4.8092e+05,1.9128e+06,2.5806e+06,2.7409e+06,7.579e+05,4366.1,118.03,1.0814,0.0095751,0,0
0,70558,1.0347e+06,1.2968e+06,1.2781e+06,1.7399e+05,497.86,6.8764,0.019354,0,0,0
0,2.6137e+05,5.4407e+05,2.4376e+06,1.8829e+06,4.9095e+05,2217.6,41.543,0.23286,0.00044499,0,0
0,65340,7.74e+05,1.0541e+06,8.1445e+05,91469,316.42,5.4411,0.024955,0.00024417,0,0
0,3.6277e+05,1.4007e+06,2.6393e+06,2.002e+06,6.0718e+05,2542.7,53.191,0.21954,0.0001065,0,0
0,76665,5.3059e+05,1.7058e+06,9.3101e+05,3501.9,162.91,0.63952,0,0,0,0
0,0,7.1751e+05,2.018e+06,1.6527e+06,5.197e+05,1568.9,50.231,0.51769,0.010487,0.00019647,0
0,4.0986e+05,1.9157e+06,2.7335e+06,2.5716e+06,1.0575e+06,8918.5,259.5,4.6463,0.15746,0.00047807,0
0,3.0867e+05,5.4786e+05,1.6279e+06,1.3069e+06,1.1282e+05,374.07,6.0084,0.0084945,0,0,0
0,1.1503e+05,1.1405e+06,8.251e+05,4.5687e+05,31628,114.55,0.98769,0.00039769,0,0,0
0,0,6.3837e+05,2.3627e+06,2.4162e+06,6.6744e+05,1424.9,36.629,0.27827,0.004271,0,0
0,35813,5.4255e+05,3.1498e+06,2.7852e+06,4.8698e+05,1417.8,52.213,0.43155,0.0016996,2.765e-06,0
0,6.7419e+05,3.0309e+06,6.2747e+06,5.5849e+06,2.8491e+06,92128,1759.5,54.729,2.8083,0.60166,0.19966
40162,6.6552e+05,2.5156e+06,5.5714e+06,5.9777e+06,3.6186e+06,3.3104e+05,3187.8,157.9,17.282,5.7043,2.74
76136,8.1728e+05,3.2594e+06,7.3179e+06,7.1817e+06,5.3075e+06,1.0941e+06,8008,409.12,41.442,11.425,5.2682
99000,1.0319e+06,4.2607e+06,6.6621e+06,5.8147e+06,2.8057e+06,2.488e+05,2863.5,146.63,16.701,5.397,3.7286
1.7903e+05,1.4614e+06,4.766e+06,6.3899e+06,5.6395e+06,2.4442e+06,51973,1417,37.319,3.4298,0.56615,0.21972
1.976e+05,1.2654e+06,5.7224e+06,6.5975e+06,6.2418e+06,3.8037e+06,2.3043e+05,3596.2,133.43,16.389,2.9756,1.3576
4.5737e+05,1.3478e+06,4.4665e+06,7.4171e+06,6.6021e+06,4.2096e+06,6.3771e+05,9993.1,579.63,95.764,45.9,32858
6.9122e+05,3.1043e+06,7.0038e+06,7.7241e+06,6.7559e+06,5.2575e+06,6.3812e+05,14092,860.57,141.15,68.646,23433
