0.92597,0.88532,0.86781,0.87637,0.73721,0.63954,0.53012,0.59987,0.70117,0.85447,0.84957,0.91459
0.94568,0.90182,0.8951,0.85786,0.78272,0.59702,0.63625,0.61765,0.70208,0.82732,0.86635,0.93625
0.9236,0.90057,0.87254,0.85856,0.76791,0.5882,0.59721,0.65622,0.72873,0.83879,0.865,0.94931
0.92021,0.93242,0.87936,0.88639,0.79255,0.57028,0.50904,0.57345,0.67958,0.85118,0.87936,0.90564
0.93289,0.90478,0.86496,0.86113,0.7453,0.59434,0.57181,0.63567,0.6991,0.89016,0.85492,0.90685
0.91385,0.91478,0.85475,0.82254,0.74809,0.60393,0.5495,0.6025,0.72427,0.8596,0.86586,0.88696
0.8976,0.87882,0.87236,0.84166,0.75998,0.59581,0.55891,0.56214,0.7597,0.88171,0.88164,0.90519
0.93327,0.90953,0.90163,0.85661,0.76738,0.59116,0.49324,0.51404,0.70195,0.84554,0.90892,0.88652
0.9314,0.90819,0.91118,0.84291,0.78938,0.62147,0.54825,0.54947,0.73069,0.83525,0.83449,0.89978
0.9203,0.90897,0.88405,0.88772,0.7573,0.56476,0.51542,0.57561,0.71035,0.85586,0.83036,0.89214
0.89051,0.92765,0.90011,0.85816,0.79348,0.60149,0.5417,0.57405,0.69937,0.86037,0.87277,0.91646
0.90863,0.90858,0.91566,0.91376,0.74636,0.59215,0.50061,0.52924,0.65775,0.85585,0.84371,0.8948
0.91271,0.89377,0.91374,0.87836,0.74839,0.58036,0.47984,0.55337,0.66402,0.79077,0.84834,0.92136
0.92093,0.91084,0.87348,0.85877,0.7514,0.58096,0.59073,0.56052,0.70205,0.85287,0.86341,0.87186
0.93204,0.90315,0.93084,0.8791,0.74609,0.55089,0.53254,0.52506,0.66234,0.81726,0.84884,0.89212
0.91484,0.93306,0.90141,0.85838,0.7576,0.57675,0.47619,0.50681,0.68846,0.79998,0.79831,0.86617
0.92784,0.90545,0.88389,0.87214,0.767,0.55733,0.52157,0.45951,0.65433,0.79358,0.81249,0.91253
0.92787,0.92494,0.9147,0.91944,0.73519,0.57022,0.47557,0.53169,0.66948,0.76483,0.87221,0.8916
0.92483,0.88415,0.90971,0.87389,0.75202,0.53583,0.56658,0.54467,0.71383,0.86766,0.87701,0.89602
0.90098,0.90787,0.91866,0.8447,0.7835,0.53722,0.4985,0.54905,0.68736,0.87395,0.82629,0.91902
0.90776,0.92951,0.90055,0.86266,0.76672,0.53238,0.53045,0.5142,0.64796,0.84328,0.8311,0.87537
0.92506,0.92429,0.88435,0.89009,0.77504,0.57147,0.52732,0.52299,0.66332,0.80052,0.83539,0.8883
0.91675,0.91004,0.87637,0.90189,0.7524,0.55829,0.5287,0.50798,0.66959,0.79592,0.89298,0.89582
0.91643,0.88849,0.87727,0.8896,0.73611,0.6069,0.45675,0.41802,0.63686,0.79341,0.82363,0.85431
0.89867,0.93723,0.93476,0.86782,0.76393,0.51768,0.44935,0.51537,0.65813,0.80897,0.87294,0.86123
0.85881,0.90067,0.91471,0.86158,0.72459,0.55921,0.49659,0.52119,0.70456,0.8271,0.86649,0.93084
0.94334,0.94829,0.91023,0.89686,0.7709,0.57655,0.51787,0.53241,0.69787,0.79414,0.82826,0.87735
0.89489,0.90765,0.90364,0.88122,0.723,0.5485,0.46883,0.43796,0.68814,0.84506,0.85714,0.91672
0.881,0.90345,0.9377,0.85504,0.70898,0.49673,0.37621,0.46335,0.64759,0.8345,0.85369,0.84822
0.84459,0.90807,0.91281,0.87141,0.72639,0.55984,0.51419,0.47333,0.63138,0.84535,0.87533,0.86042
0.88088,0.91927,0.92889,0.87818,0.7414,0.52211,0.49035,0.53546,0.65372,0.85714,0.82286,0.83308
0.90637,0.91313,0.90422,0.89151,0.75047,0.58211,0.47847,0.49905,0.67209,0.84191,0.89557,0.84929
0.88031,0.90741,0.91683,0.86436,0.70478,0.50145,0.46142,0.47519,0.65158,0.83565,0.82428,0.88531
0.85005,0.90428,0.90091,0.86907,0.75098,0.51246,0.4651,0.4568,0.64336,0.87438,0.89205,0.81308
0.85873,0.9249,0.89164,0.84666,0.70751,0.55087,0.45451,0.46677,0.62769,0.80596,0.81416,0.82058
0.86484,0.90683,0.91454,0.8991,0.75836,0.51356,0.45313,0.46907,0.6084,0.76731,0.87322,0.85128
0.84053,0.91974,0.90366,0.84429,0.69212,0.50966,0.43221,0.44561,0.64552,0.84055,0.7974,0.86901
0.88754,0.87938,0.90588,0.87572,0.69582,0.46993,0.42259,0.42534,0.62143,0.83333,0.84738,0.83278
0.89485,0.86448,0.89681,0.84774,0.64986,0.47168,0.38371,0.38393,0.65549,0.79502,0.80593,0.81828
0.81993,0.90861,0.90203,0.82628,0.69975,0.56244,0.48252,0.45533,0.63623,0.86952,0.84543,0.89753
0.89497,0.8768,0.90821,0.84434,0.7125,0.51003,0.38309,0.43907,0.6857,0.75857,0.85263,0.79881
0.8584,0.91037,0.87843,0.89177,0.73246,0.51169,0.39042,0.45206,0.61423,0.80335,0.83868,0.84421
0.89394,0.88123,0.90691,0.84292,0.69651,0.53404,0.40723,0.44765,0.64643,0.76018,0.84611,0.83522
0.86898,0.85776,0.92458,0.85659,0.73256,0.5566,0.38436,0.42629,0.64378,0.88697,0.86718,0.82888
0.84084,0.87082,0.88963,0.84247,0.71956,0.49642,0.44045,0.37761,0.64788,0.75761,0.84639,0.88258
0.87704,0.85814,0.88884,0.80316,0.66928,0.5079,0.40154,0.41146,0.62846,0.77881,0.81039,0.84285
0.85646,0.85959,0.93965,0.84507,0.67086,0.4138,0.3078,0.36789,0.57034,0.77587,0.83232,0.83818
