5556.3,10638,16139,19937,20203,16628,9678.4,3675.9,1505.7,995.28,1410.2,3037.6
6937.1,11888,16042,19295,19953,17523,11057,4325,2064.7,1638.8,1823.9,2774.1
5637.6,9526,14453,16829,17627,15248,8390.5,3046.2,1417.9,1071.4,1346.1,2014.9
4441.3,9035.2,13460,17258,18334,14980,7057.4,2462.8,1156.8,879.11,1163.3,1768.8
4842.1,9716.5,14921,18238,17933,13742,5567.1,1554.3,587.64,330.84,356.48,615.89
2079.8,5736.6,10185,13437,13613,10747,5243.4,1591.9,607.52,384.46,445.17,911.44
2212.9,5356.5,9763.4,14074,15206,12060,5938.2,1856.4,767.64,511.46,730.95,1453.3
3512.1,7618.6,11761,15989,15790,12465,6297.8,1696.3,647.63,323.38,334.09,629.07
2152.3,4801.2,8595.8,11462,12669,9921.5,3562.5,634.97,106.82,24.964,100.07,407.12
1694.5,5177.7,8144.5,11215,12747,10572,5014.8,1028.2,239.43,80.429,162.64,669.61
2127.8,5525.6,8919.8,12601,13761,11392,6347.5,1692.1,562.72,405.39,710.19,1028
2735.8,6841,11005,14024,14131,11239,4900.9,961.91,210.38,53.907,73.491,497.98
2192.6,6096.4,10167,14182,15942,13575,6843.8,1560.9,380.98,136.12,191.14,549.89
1830.6,5946.7,10323,14145,15403,12201,5434.3,1176.7,270.31,96.664,260.32,908.16
2831,6589.7,9695.3,12652,13673,11143,4781.3,1314.9,412.4,209,209.53,544.77
1920,6416.5,9984.2,13654,14351,10555,4235.2,676.89,124.9,21.08,12.458,195.87
2289.1,5912.1,10153,13512,14558,11033,3644,611.91,94.214,22.945,73.08,283.76
1420.5,4778.8,8909.2,12406,13368,11488,5978.5,1521,467.8,268.14,263.84,553.13
2253,5662.1,10390,15238,15925,13519,6871.6,1627.9,466.89,213.78,256.84,1121
3513.9,6212.8,9574.9,12492,12893,9298.9,3281.9,651.22,124.79,41.807,32.657,309.62
923.56,3990.7,7408,8584.1,9334.1,7239.8,2986.8,351.8,45.473,8.4555,14.004,261.86
882.65,4010.3,7348.5,10683,12328,10544,4046.4,611.12,95.226,13.954,4.8924,315.21
1525.5,4965.8,8883,12123,12110,8977.1,4102.1,717.64,156.29,53.006,66.744,635.08
2002.9,4072.7,7357.8,9405.2,10560,8139.3,4108.6,915.58,250.56,90.297,100.14,309.44
1228.1,3812.8,7774.7,10523,11612,9497.1,3200.4,459.81,71.412,16.037,7.5834,114.98
1052.3,3957.9,7515.2,11054,12605,9639.4,3199.3,504.72,72.505,22.009,14.062,193.4
842.84,3393.4,5930.9,9959,10828,8453.7,3102.2,441.81,66.278,17.167,4.3603,18.388
325.28,1830,3469.6,6250.6,7140.2,6042.5,2002.6,144.48,12.505,1.9617,0.80938,10.249
237.95,2704.2,5462.9,8452.9,8645.1,5025.1,687.46,67.308,2.4558,0.3112,0.10724,23.457
139.96,1449.2,4331.8,5898.4,6728.5,4812.9,876.88,62.087,5.3409,0.89872,0.48801,108.7
499.02,2546.9,5532.8,8771.7,10571,8945.2,3264,555.22,102.68,35.88,76.336,276.17
955.68,3557.6,5688.6,9080.7,10422,8001,3598,609.03,141.63,43.606,43.34,386.41
1318.7,3300.9,5416.5,9330.7,10397,7390.7,1711.8,238.16,32.304,8.4162,2.4216,122.81
502.69,1457.7,3139,6153.4,7109.4,5915.1,1512.7,171.48,24.689,6.5086,18.523,64.373
341.36,1405.8,2896.3,5777.7,7131.2,5674.6,1580.3,155.31,17.538,3.0106,1.0854,174.85
1200.8,3832.4,6496.3,9384.2,9482.6,6118.6,939.86,99.611,6.8182,0.68114,0.27007,41.05
88.927,924.81,2967.4,6045.5,6707.6,3848.5,460,26.26,1.1459,0.1763,0.061009,2.9877
273.67,1127.4,2618.6,4096.9,4265.5,2038.3,243.71,13.124,0.53974,0.11042,0.05229,0.67164
179.02,830.05,2644.5,5839.5,7585.6,6692.3,2524.4,220.15,28.145,5.1557,1.4222,31.249
540.48,2430.3,5094.5,7590.8,8433.1,6119,1066,101.84,6.9808,0.80052,0.17475,4.3129
280.58,2094.7,4496.5,6277.7,7513.4,5766.3,1092,69.519,4.436,0.57749,0.15453,7.2889
23.042,196.77,491.46,2768.1,2813.3,474.07,19.225,0.40461,0.0032497,3.7027e-05,9.1233e-07,3.1189e-08
3.5731,186.12,829.24,2565.4,2987.4,2092.4,254.62,8.5375,0.44945,0.081677,0.036662,0.024772
28.756,419.58,1638.8,4122.6,4563.8,3070.2,190.84,6.4939,0.24928,0.017024,0.0037361,0.0018605
2.8083,294.14,1475.9,3156,3017.9,460.4,15.299,0.3174,0.0015035,1.4537e-06,2.3611e-09,0
0,115.14,997.01,3699.9,5000.7,3304.7,100.97,5.4561,0.25474,0.016856,0.0036643,0.0021497
185.55,650.52,1994,3849.6,5156.7,2831.4,220.19,9.8328,0.39643,0.041421,0.013604,0.0085813
133.8,957.57,2999.7,4798.2,5374,4242.6,898.3,28.004,2.2458,0.4108,0.11747,0.061091
56.83,838.58,2132.2,5073.1,6663.4,5459.8,1502.6,90.457,7.6601,1.5199,0.444,1.8773
29.994,792.72,2706.9,5927.6,5844.4,3857.2,433.57,21.002,1.0941,0.07991,0.015935,1.3507
172.19,536.88,1808.4,3596.7,4232.6,1585.9,199.39,8.1533,0.36148,0.037622,0.011205,0.005481
1.3955,303.79,925.37,1468.2,1611.2,688.94,24.258,0.84563,0.012668,0.00028291,9.1932e-06,6.8564e-07
2.2433e-07,107.92,589.19,2010.4,2542.1,933.15,68.434,1.2738,0.033675,0.0021636,0.00030356,8.542e-05
8.7775,137.64,610.53,2413,3086.4,1921,102.06,2.6287,0.084309,0.0089395,0.0023879,0.0015048
43.481,382.76,930.49,1006.2,1054.8,526.35,32.046,0.89253,0.0087925,6.2401e-05,3.4135e-07,0
0,101.27,297.15,999.67,1483.1,662.97,62.284,0.74248,0.027248,0.002481,0.00040033,8.1295e-05
4.1224e-05,11.759,305.83,778.66,753.16,344.98,9.9269,0.34377,0.0048183,0.0001925,5.0877e-06,5.3373e-07
1.1724e-07,5.4452,208,321.05,339.35,31.143,0.70291,0.010959,1.6739e-05,9.1666e-09,0,0
0,6.2276,187.24,769.6,937.25,309.79,5.5718,0.19938,0.0019043,4.5428e-05,2.5562e-07,1.9481e-09
1.715e-09,1.9617e-09,86.487,348.78,254.56,6.2665,0.12956,0.00057468,5.9936e-10,0,0,0
0,21.064,138.79,656.13,985.19,303.31,4.443,0.14307,0.001269,1.5708e-06,0,0
0,0,24.643,418.62,490.27,51.172,0.61905,0.0096648,1.2542e-05,0,0,0
0,33.544,254.27,546.78,415.08,184.14,2.587,0.084837,0.00050012,3.8907e-06,3.193e-09,0
0,15.515,148.75,324.5,400.87,158.78,2.0415,0.042296,0.00012155,1.3542e-08,0,0
0,0,7.1958,101.17,70.412,2.8864,0.013577,0.0001018,3.0793e-08,0,0,0
0,0,124.39,259.14,401.26,109.42,1.7784,0.041794,0.0001825,1.7897e-06,0,0
0,6.8408,32.003,165.9,97.308,3.6835,0.11499,0.00079538,9.9346e-07,0,0,0
0,12.021,121.51,653.68,959.08,364.69,7.3024,0.31523,0.0043032,0.00015437,1.4674e-05,2.7652e-06
20.362,103.49,378.5,220.9,103.8,11.762,0.49769,0.0023508,3.7401e-09,0,0,0
0,0,0,71.867,28.439,0.22249,0.01553,5.3386e-05,1.2369e-10,0,0,0
0,0,7.9584,127.24,200.82,37.389,0.32737,0.0044176,1.3477e-05,1.6538e-08,0,0
0,0,0,0,0.59776,0,0,0,0,0,0,0
0,0,0,48.225,66.111,0.10352,0.0068574,1.9494e-05,0,0,0,0
0,0,3.4497,1.007e-05,6.8571e-06,1.3539e-06,3.1748e-10,0,0,0,0,0
0,0,1.356,9.147,0.36385,0,0,0,0,0,0,0
0,0,0,0,1.326,0,0,0,0,0,0,0
0,0,3.2642,7.089,3.1351,0,0,0,0,0,0,0
0,0,0,0,0,0,0,0,0,0,0,0
0,0,0.013776,0,0,0,0,0,0,0,0,0
0,0,3.3113,5.2375,3.0754,0.00115,3.0731e-05,1.7414e-10,0,0,0,0
0,0,0,0,0,0,0,0,0,0,0,0
0,0,0,1.0363,0.00061737,0,0,0,0,0,0,0
0,0,0,0,0,0,0,0,0,0,0,0
0,0,0,0,0,0,0,0,0,0,0,0
0,0,0,0,0,0,0,0,0,0,0,0
0,0,0,0,0,0,0,0,0,0,0,0
0,0,0,0,0.16104,0,0,0,0,0,0,0
0,0,6.0476,18.269,2.8607,7.6178e-07,1.9904e-08,0,0,0,0,0
0,0,16.582,23.249,8.4849,2.4212e-05,4.1985e-07,0,0,0,0,0
0,0,0,26.55,15.735,1.3333e-05,4.0286e-07,0,0,0,0,0
0,0,22.333,31.685,17.459,0.00041999,1.5957e-05,3.4615e-09,0,0,0,0
0,0,0,0.21105,2.1265e-10,0,0,0,0,0,0,0
0,0,0,0.52358,4.9306e-06,8.8216e-07,6.3076e-09,0,0,0,0,0
0,0,8.8975,5.5633,3.2418,2.7051e-05,3.5152e-07,0,0,0,0,0
0,0,0,0,0,0,0,0,0,0,0,0
0,0,19.091,60.087,50.033,0.0029641,0.00035645,1.6327e-06,0,0,0,0
0,0,0,9.3749,3.0858,0.00010677,3.9327e-06,0,0,0,0,0
0,0,0,40.505,0.035543,0.0027603,0.00011426,4.0797e-08,0,0,0,0
0,0,0.46442,0.00091055,0.0010846,0,0,0,0,0,0,0
0,0,0,0,0,0,0,0,0,0,0,0
