5556.3,10850,16092,19325,19179,15669,8597.6,3115.4,1177.6,744.62,1274.3,3452.8
7763.8,13388,17591,19760,20354,17567,11197,5130.6,2462.7,2006.6,2811.9,5270.1
8581,13492,17350,20433,21089,18396,11111,4509.3,2082.7,1652.6,2583.4,5429.1
10069,14777,18768,22271,22115,18440,11845,5693.4,2774.5,2115.2,3232,6733.7
11517,15373,19490,22447,22395,19525,13611,6829.8,3454.2,2798.9,4137.7,8034.7
11520,15716,20669,23545,23009,19593,11872,4689.8,2192.7,1713.8,2509.5,5337.7
9985.6,14974,20743,25231,25525,21831,14213,6591,3378.4,2757.1,4355.6,7639.9
11687,15682,20031,23432,23053,19600,13261,6498.9,3552.8,3019.7,3661.1,7062.2
12078,17614,21898,25031,25263,22454,16425,8171.1,4526.4,4062.6,6563.5,10145
14514,19748,24339,26201,25441,22809,16442,8634.9,4645.2,3844.4,5035.6,8434.2
12787,18515,23109,26198,26383,23841,17101,9274.5,5439.5,4722.8,6787.7,10342
13453,18228,22952,26155,26003,22944,16399,8940.6,5228.2,4623.4,6841,10406
15184,20253,23990,26721,27101,24349,17143,8637.1,4932.6,4349.8,6113.2,9921.9
14237,20005,24579,27371,27332,24752,18669,11319,7046,6736.4,8995.2,12642
16644,20858,23970,26637,26969,24317,18356,10979,6988.1,6068.5,8245.3,11991
16446,21124,25200,28041,27912,25316,18662,10960,6980.8,6391.5,8441,11938
16513,21607,25438,28503,28387,24820,18137,11102,7307.7,6589.9,8073.7,10683
14277,19301,22822,25742,26717,23536,17796,11088,7230.8,6165.2,6958.7,10305
14692,20482,25670,29212,29703,26793,18788,10795,6555,5821.8,7964.3,11092
14877,19780,24714,28028,29014,26241,20142,12382,8289.5,7913.9,10205,14564
19300,24572,28715,31568,31631,28440,21878,13844,9246.2,8630.9,10966,15452
19673,23986,28076,31487,32052,29268,22773,14715,10054,9748.1,11924,15317
20352,25667,29073,31586,31484,28010,21347,13794,9337.3,8369.4,9850.1,13082
17985,22949,27485,30860,31850,28403,21417,13070,8748.6,8200.7,10149,13004
17933,22443,27347,31137,31768,29612,24111,16381,11790,11202,13327,17464
21398,23987,27779,30476,31081,28350,21250,12787,8159.7,7585.7,9680.4,13264
17183,21753,26922,30341,30444,27647,20772,13223,8966.6,8233.8,10560,13701
18543,23732,27233,30591,31323,28965,22350,14327,9933.1,9276.3,11103,14276
18467,23540,28345,31722,32885,30566,23989,16290,11994,11116,13288,17116
21632,26494,30556,34063,34791,31015,23394,14825,9699.9,8266.1,10615,14999
19407,25407,30005,33518,34453,31754,25506,17683,13002,12236,14292,17912
22857,27713,31868,35284,35559,32536,26046,18166,13662,12918,14630,17692
21576,26254,30258,34331,34540,31501,25418,17540,12979,12048,13642,17592
21895,26483,30897,34007,34981,32582,27441,20492,16116,15626,17319,20571
25167,29553,32723,35648,36027,32946,26589,19538,15650,14708,16437,20309
24702,29481,33367,36548,36450,33724,27580,19774,14889,13915,15887,19490
24132,29908,34226,36763,37164,34130,27904,20191,15933,15091,17351,21302
24395,29214,33099,36101,36523,33727,27415,20074,15777,14654,16611,19872
24662,29258,33634,36399,36554,33734,27157,19839,15897,15390,17399,20720
25438,31639,35890,38463,38728,35740,29389,21811,17236,16389,18415,22305
26421,30725,33126,36698,37156,33777,26989,18872,14500,13614,15178,18824
22969,27943,32738,36181,36934,33686,27475,19396,14751,13616,15823,19037
23476,28408,32650,36115,36357,33424,27491,19784,15520,14649,16776,20354
24971,29978,33388,36214,37046,33905,27004,19904,15823,14965,17149,20725
24572,29321,33935,37246,37598,34658,28287,20443,16487,15729,17964,21474
26209,30221,34419,37341,38221,35058,27839,20109,15857,14865,17121,20291
25151,29754,34076,37560,38308,35354,27847,20518,16534,15627,17544,20434
24393,29749,34063,36867,37507,34567,28795,22031,17974,16630,17874,20923
24705,30205,34990,36989,37008,34472,29375,22229,18170,17299,18670,21737
25617,30387,34387,37560,38247,35285,28636,22136,18619,17811,19366,22330
25635,29669,34142,37944,38849,35841,28934,21697,17896,17226,18888,22393
25862,31013,35738,38686,39288,36319,29862,23114,19324,18707,20149,22907
26449,30961,34943,38163,39375,36987,30135,22462,18481,17844,19354,21843
26109,32250,36766,40048,40876,37949,31236,23422,19237,18401,19733,22662
26787,32015,36725,40289,41323,38483,32704,24968,20584,19933,21759,24745
29050,34857,39354,42618,43022,40431,34312,25997,20965,19415,21398,25103
30155,34662,38652,42125,42958,39892,33870,26092,21329,20672,22701,26215
30353,34264,37991,41086,41495,38201,31937,24747,20879,20340,22382,25989
29920,33463,37979,40872,40833,37828,31247,24131,20364,19651,21501,24676
28662,33421,38034,41690,42258,39408,33879,26249,21877,21396,22977,25996
30042,34799,38936,42218,42874,40061,33699,26414,22340,21357,23081,26369
30180,35064,38774,41808,41912,38923,32351,25119,21334,20344,21707,24815
28488,33289,38363,42438,42863,38713,31723,24107,20262,19093,20881,24951
29155,33781,38708,42291,43023,40467,34430,26746,22242,21434,23789,27480
32040,37311,41508,43825,44247,41551,35543,27918,23525,22687,24658,27630
30783,35380,39234,42997,43544,40571,34260,26747,22516,21844,23841,27725
32369,37603,42031,45192,45865,43255,37349,29725,25012,23557,25341,28208
31837,36274,40698,43702,43681,41054,35072,27898,24008,22699,23998,27511
31377,36608,41525,44898,45116,42205,35310,27625,23510,22586,24246,27505
31852,36016,40404,44169,44747,41823,35196,27382,23406,22598,24490,27651
31912,36855,41737,45291,46100,43127,37001,29431,25382,24987,27132,30925
34760,40350,45158,47762,48476,43964,36497,29232,25205,24203,26074,29170
32479,38136,43313,47116,48613,45562,39963,32472,27680,26902,28833,32016
35577,40291,44727,48237,49068,45955,39750,32327,27885,26771,28967,32876
36932,41336,45589,48809,49606,45730,38941,31261,26618,25693,27917,30732
34573,39038,43820,46896,47786,44582,38402,30496,25975,24750,26467,29659
33263,39386,43819,47622,48459,45969,40462,32683,27703,26227,27767,30838
34158,39600,44346,47840,49088,46442,40017,32035,27500,26277,28318,31843
36106,41663,46278,50389,51334,48383,41829,34211,29488,27976,29587,33088
37101,42236,47364,50936,51606,47800,41523,33782,29180,28385,30356,33229
37387,41066,45196,49181,50758,47287,40910,33770,29511,28616,30639,34193
38928,44546,48879,52052,52634,49598,43399,35953,31218,30148,31893,35430
39770,43863,48304,52245,53114,50036,43771,36317,31574,30590,31638,34774
38699,43725,48213,51435,52088,48754,42535,34751,30329,29240,30681,34182
37643,43158,48599,52107,53407,50705,44521,36992,32518,31190,32911,35940
39247,43537,47990,51229,52026,48233,41221,33304,29084,27952,29782,33262
37608,42579,46437,49688,50888,48774,42746,35140,30234,28893,30847,34789
38538,44337,49390,53351,54263,51666,46119,38361,33273,32593,34645,37855
41279,45701,49982,53333,54131,50804,44171,36102,31650,30655,32602,36428
40869,45523,50276,54074,54864,52961,46885,38915,34341,32973,34038,37047
41257,46292,51082,55021,55726,52645,46230,38493,34256,33102,34626,37702
41436,45951,50272,53799,55163,52065,45117,37159,32419,31067,33078,36981
41154,46602,51379,55089,56397,53683,47276,39512,34934,33526,35108,37719
41032,46308,50926,54265,55324,52285,46164,38979,34451,33256,34946,38294
42302,47400,52800,57334,58330,55029,48339,41132,36761,35691,37318,40645
44493,49837,54602,57985,58377,55446,49389,41436,36985,35535,36723,39053
42816,48241,52737,56484,57178,54239,47663,40337,35914,34317,35124,38089
42301,47773,52185,55978,57286,55127,49778,42278,37823,36724,38651,41671
45568,50802,55877,59628,60679,58436,52666,44568,39517,38194,40092,43516
47404,52514,57266,60762,61448,59062,52753,45100,40659,39549,40733,43890
