5556.3,11005,16144,19577,19937,16608,7898.1,2210.8,910.54,627.8,949.56,2159.3
6913.4,11209,15460,18449,19054,16587,9726.7,3632.5,1848.9,1424.9,1603.8,2400.8
5847.4,10922,15961,19442,19493,16147,8108.5,2863.1,1224.9,977.37,1270.5,2205.2
5113.9,10694,16207,20266,20161,15693,8262.7,2703.4,910.63,476.75,702.89,1969.5
5476.5,10606,14902,19208,18280,13540,6014.8,1551.5,361.31,130.47,215.91,651.84
3038.9,6781.7,9519.1,12375,13984,11368,5391.1,1053.9,251.76,81.849,344.05,1305
4669.5,9032.5,13381,16397,16532,14310,8543.5,3311.4,1384,878.28,1001.8,1555.3
4649.3,9172,14039,17034,16861,14043,6649.9,1923.8,785.14,446.11,633.92,1332.2
3310.9,6158.3,9304.9,13412,14782,10862,5369.6,1376.1,445.14,232.01,413.5,1522.8
3983.9,8456.8,13371,17734,18293,14518,7080.8,1781.8,501.25,167.89,327.36,1031.1
3168.7,6908.4,11201,14277,14889,12276,5406.4,1502.2,454.06,256.91,270.42,720.65
2391.7,5787.3,9961.4,14352,15180,11700,5524.8,1065.8,236.54,44.676,36.616,356.7
1338.8,4211.4,8000,12073,12958,9369,4026.4,626.87,124.2,16.116,7.0466,296.55
1676.5,4621,8684.8,12222,13784,11459,5553.9,1103,278.47,100.08,61.249,336.55
1629,5553.4,8867.1,10275,11114,9294,3976.3,712.91,153.15,38.1,85.175,372.23
1425.9,4329.1,8250.9,12652,12838,8724.5,2948.6,443.91,71.14,17.785,10.754,250.26
1205.1,4809.3,9039.3,13317,14082,10896,4264.4,1015,270.84,114.94,141.11,399.8
1356,5234.3,10370,13199,14012,11470,4158.7,788.16,121.21,23.022,15.351,243.71
1782,6045.7,10412,13850,13571,9806,4067.6,859.66,168.14,45.006,89.892,432.21
1251.3,3783.1,7101,11071,11235,8284.3,3003.2,371.63,56.73,6.5042,1.7653,82.429
1019.4,4195.8,7410.1,10259,10707,7251.7,1638.4,235.69,24.76,3.0437,0.83003,84.492
279.77,2271.4,5894.1,8974,10444,8788.9,2422.3,373.58,61.613,15.809,11.117,221.71
1149.8,3448.1,5449.9,9163.7,9810,6816.7,2306.2,335.88,49.437,7.3933,2.4278,45.503
137.47,313.89,2556.2,5785,7396.6,6122.2,1800.7,114.63,8.3343,1.1411,0.36051,6.5198
564.46,2583.7,4131.2,6889.1,8540.4,5908.1,1249,121.97,11.057,0.9378,0.18413,4.8851
328.93,2629.6,5731.1,9191.6,7821.8,3077.2,319.75,16.058,0.34096,0.021183,0.003832,0.0014609
121.22,1683.8,4658.5,8114.5,9394.6,6523.4,1557.6,158.41,13.637,1.821,0.51274,5.452
401.87,1856.2,4992.3,8148.7,8951.1,6164.2,1972.8,280.26,37.082,6.5144,8.0115,261.5
1053,3982.1,6993.4,8743,9468.2,6187.1,1630.2,268.53,44.873,7.9647,2.8898,65.182
442.98,2150.8,5693,9133.2,10008,6988.3,2743.6,287.76,35.737,6.8118,2.1251,103.66
855.52,2977.6,5775.3,9087.3,9872,6508.8,1423.1,191.85,19.919,1.9692,0.45373,33.656
430.77,1173.4,3553.8,5591.3,6585.4,4802.1,836.41,71.839,5.9213,0.78493,0.32796,18.403
528.65,1770.3,4719.2,8438,9379.6,6731.6,1929.1,264.22,38.404,8.4395,3.1244,27.576
337.81,2003.4,5468,8506.3,10478,7971.5,1593.7,204.26,26.805,4.9101,1.2863,85.418
470.75,2544.9,4650.4,7225.4,7221.3,4361.6,1072.6,89.006,8.8943,1.2411,0.47276,43.233
354.31,1673.3,5329.5,7007.9,7891.1,5584.4,2178.3,380.51,66.805,24.945,12.106,156.33
658.91,1918.2,4907.8,7318.7,7966,5291.9,1420.6,188.69,25.558,4.4356,1.1517,62.7
199.17,1058.8,3240.9,6094.6,6431.1,4565.1,792.85,45.315,2.8631,0.4163,0.15884,97.236
430.82,1605,3570.2,4816.8,4305.3,1282.7,74.946,2.0993,0.037392,0.0015094,0.00010919,2.3293e-05
7.7443,92.154,540.63,914.58,1041.1,378.78,9.8122,0.22268,0.0013546,3.242e-05,9.063e-07,1.0286e-07
3.301e-08,143.73,438.08,1519.1,1956.5,877.82,27.708,0.85985,0.021814,0.0013121,0.00015598,4.0036e-05
1.7001,306.47,1017.1,2278.8,2740.6,1315.3,22.284,0.853,0.018816,0.00048251,1.741e-05,1.453e-06
11.314,194.69,1759.7,3816,4101.8,2031.1,40.809,2.174,0.053933,0.0010606,6.162e-05,1.3953e-05
40.202,588.86,2270,6414.1,8210.8,5874.2,1121.5,118.12,13.665,2.6617,2.3846,174.39
617.39,2249.5,3918.9,6788.3,7533.3,5364.7,1255,151.11,16.19,2.0939,0.59528,47.392
219.56,443.29,1331.4,4085,5387.2,2833.8,309.12,20.515,0.99937,0.19739,0.095155,23.935
262.13,1000.6,3321.1,5444.7,6691.9,3790.5,292.85,16.699,0.60628,0.051525,0.011197,0.0061164
159.5,1030.8,2561.4,4339,3941.5,1396.5,93.771,3.0794,0.073005,0.0033054,0.00068252,0.00023062
0.82354,89.61,1113.8,2425.4,2399.4,620.84,12.044,0.31425,0.0016751,1.9433e-06,1.8423e-09,0
0,140.67,364.59,1717.2,1765.6,113.94,4.405,0.10543,0.00056599,1.7427e-07,0,0
0,15.725,380.1,1342.8,1308.5,121.16,3.4029,0.040206,9.3746e-05,3.8717e-10,0,0
0,19.134,206.48,1166,712.71,104.09,2.6206,0.035471,8.1484e-05,2.5752e-08,0,0
0,7.7071,252.55,1056.4,1240.6,632.16,24.617,0.75055,0.014695,0.00071128,8.9844e-05,2.1287e-05
4.7126,63.62,594.09,2369,3484,1500.7,59.712,1.5628,0.055999,0.0029817,0.00047758,0.00014952
3.2549,161.8,722.99,798.95,632.83,222.83,8.5584,0.15643,0.00054368,1.065e-06,0,0
0,53.321,377.55,464.19,344.43,140,3.8704,0.089627,0.00046641,1.0247e-06,0,0
0,16.24,483.99,763.37,884.49,457.75,11.363,0.30332,0.0016965,1.41e-05,2.7242e-08,0
0,6.1804,276.44,733.34,306.66,18.9,0.78779,0.0026562,6.5346e-11,0,0,0
0,26.662,174.85,968.17,985.19,237.62,6.2805,0.10947,0.0003892,2.5721e-06,0,0
0,0.77442,84.168,317.98,116.56,1.1493,0.10484,0.0004929,8.246e-08,0,0,0
0,0,45.297,215.31,140.35,2.2427,0.05131,0.00031827,2.7319e-07,0,0,0
0,0,115.99,392.49,504.04,217.9,2.8625,0.10509,0.00094175,1.0886e-05,1.961e-08,0
0,0,125.22,501.46,502.59,38.993,1.3954,0.016745,1.9388e-05,0,0,0
0,5.1358,58.872,329.5,248.23,37.731,0.57484,0.011979,3.3504e-05,4.3311e-10,0,0
0,0,0,1.9264,13.726,3.8036e-05,1.8301e-06,1.2852e-10,0,0,0,0
0,0,23.084,5.1959,0.0048177,3.2571e-05,3.8357e-07,0,0,0,0,0
0,0,18.352,16.338,6.6138,0.0068312,0.00047528,9.4086e-07,0,0,0,0
0,0,37.349,226.81,221.1,28.046,0.24423,0.0037333,1.2617e-05,6.0226e-10,0,0
0,0,0.001774,196.69,151.85,9.8296,0.20522,0.0028318,5.2201e-06,0,0,0
0,3.909,64.647,289.47,214.52,63.536,0.69419,0.016218,6.7204e-05,6.2749e-07,1.971e-10,0
0,0,108.25,268.97,107.9,1.4892,0.19173,0.0013531,2.5655e-07,0,0,0
0,0,140.56,369.23,474.21,177.62,3.0358,0.078788,0.00040511,2.5002e-06,6.8995e-09,0
0,7.1568,192.71,718.5,519.41,19.987,0.77256,0.0038687,1.1912e-07,0,0,0
0,0,124.6,254.03,293.66,61.605,1.0563,0.023718,0.00011988,6.548e-07,1.498e-11,0
0,0.53117,41.14,443.12,462.6,194.04,3.9739,0.12401,0.0011317,4.9038e-06,0,0
0,0,31.801,348.16,279.38,24.998,0.38728,0.0034651,1.4703e-06,0,0,0
0,0,158.6,342.89,290.56,52.392,1.1263,0.018786,4.2915e-05,6.1294e-08,0,0
0,0,54.661,148.09,107.86,11.342,0.39453,0.004498,1.7583e-06,0,0,0
0,17.455,105.92,465.55,468.25,116.93,1.7171,0.050801,0.0003398,1.7836e-06,0,0
0,14.3,343.94,340.95,357.49,113.31,2.6461,0.07567,0.00053389,1.1182e-05,4.4271e-08,0
0,0.22616,112.04,878.34,1241.3,213.22,2.7594,0.084875,0.000452,3.5405e-06,2.4836e-09,0
0,44.564,122.94,73.387,32.696,1.4702,0.085688,0.00014123,0,0,0,0
0,0,38.012,544.97,631.94,108.12,0.81483,0.015437,2.6001e-05,4.1128e-10,0,0
0,5.8689,7.7663,20.18,11.218,0.0075733,0.0005758,2.9704e-07,0,0,0,0
0,0,12.357,15.559,22.447,0.00049998,2.3459e-05,1.286e-08,0,0,0,0
0,0,56.695,250.07,204.72,4.7167,0.27351,0.0021828,1.4334e-06,0,0,0
0,41.015,107.7,270.27,318.84,103.48,1.696,0.039299,0.00014743,2.708e-07,0,0
0,9.9196,43.405,220.38,206.27,60.636,0.77007,0.012279,3.2796e-05,1.7802e-08,0,0
0,0,12.447,100.81,65.21,1.1285,0.00031691,1.0844e-06,0,0,0,0
0,0,50.663,441.09,319.12,68.712,0.79539,0.021477,0.00010369,1.5211e-06,1.0458e-08,2.6744e-11
0,12.929,64.08,393.46,314.76,53.299,0.88124,0.0098182,5.1391e-06,0,0,0
0,6.0141,311.22,274.77,251.89,38.541,1.1973,0.018422,1.7726e-05,0,0,0
0,0.58707,73.411,476.34,301.22,7.8788,0.42635,0.0029575,2.0561e-06,0,0,0
0,0,75.986,418.23,411.01,135.67,2.9085,0.051216,0.00020778,1.012e-06,0,0
0,14.636,181.28,656.68,394.44,28.468,0.71952,0.0052078,1.9622e-06,0,0,0
0,0,41.692,127.37,146.4,2.6982,0.011919,4.3537e-05,0,0,0,0
0,0,20.263,155.54,169.75,42.277,0.22013,0.003777,1.9507e-05,1.1989e-07,0,0
0,0.95543,99.523,421.49,259.06,18.243,0.39091,0.0074053,1.3629e-05,0,0,0
0,0.91638,60.328,306.06,317.67,141.2,0.84072,0.042092,0.00049812,1.7537e-05,1.5159e-06,1.5388e-07
4.7193e-08,3.9068e-08,117.28,278.36,251.09,5.1725,0.082802,0.001242,1.4948e-06,1.9822e-10,0,0
