-0.73025,-1.1897,-1.4027,-1.3389,-0.85873,0.84348,4.2698,7.2924,6.5808,4.2632,1.8984,0.14978
-0.67385,-1.1375,-1.3066,-1.2353,-0.69328,0.91021,3.8872,6.4328,6.0738,4.5379,2.3735,0.45057
-0.60783,-1.195,-1.3903,-1.2841,-0.61066,1.3508,4.9736,7.44,6.526,4.3499,2.2304,0.5759
-0.55027,-1.1115,-1.2788,-1.2058,-0.54257,1.5412,5.0429,7.6991,6.9046,4.7514,2.3167,0.42561
-0.58038,-1.104,-1.3263,-1.2112,-0.49296,1.9991,6.1941,8.787,7.7326,5.001,2.7431,0.87642
-0.1837,-0.80121,-1.0643,-0.94924,-0.13302,2.3916,6.7495,9.5111,8.2173,5.5753,2.978,1.0594
-0.16996,-0.84744,-1.0962,-0.99611,-0.12234,1.9834,5.2466,7.3643,6.9244,4.8647,2.8376,1.0238
-0.13219,-0.82336,-1.1246,-0.96899,-0.28814,1.6929,5.4212,8.3289,7.6011,5.3101,2.7883,0.94038
0.0081894,-0.68063,-1.0678,-1.0507,-0.2159,2.4095,6.4263,9.1916,8.0721,5.2072,2.5141,0.67725
-0.3974,-0.92074,-1.1209,-0.9856,-0.12779,2.0685,5.7779,8.7364,7.8363,5.5227,3.0147,0.99612
-0.099059,-0.73821,-1.0449,-0.86615,0.081899,2.3838,6.4318,9.4609,8.3178,6.0308,3.6621,1.4741
0.14278,-0.50932,-0.91928,-0.87481,0.18768,2.7161,6.9827,9.7351,8.5192,5.9895,3.6102,1.6345
0.37329,-0.43513,-0.8566,-0.81579,0.25947,3.4588,8.1158,10.969,9.8309,6.9888,3.9538,1.7774
0.33312,-0.48762,-0.86225,-0.79612,0.06868,2.7372,6.7056,9.2999,8.2281,6.1313,3.794,1.813
0.43607,-0.2884,-0.63532,-0.39481,0.66491,3.6619,8.0865,10.704,9.4237,6.7646,4.5074,2.3917
0.5982,-0.34632,-0.78406,-0.74469,0.28437,3.4603,8.5058,11.333,9.9256,7.1065,4.3291,2.0472
0.32839,-0.44967,-0.8184,-0.80201,-0.036769,2.5546,7.0124,9.9293,8.756,6.264,3.8722,1.7704
0.21438,-0.60506,-0.92053,-0.78605,0.040185,2.514,7.1808,10.169,9.1903,6.9043,4.4782,1.8561
0.24722,-0.48958,-0.90045,-0.76998,0.41369,3.1184,7.6732,10.455,9.3548,6.699,4.3569,2.1313
0.59401,-0.29277,-0.75772,-0.56927,0.59142,4.0648,8.9947,11.515,10.483,7.4803,4.8461,2.2619
0.66677,-0.14749,-0.5668,-0.52461,0.52411,4.2639,10.018,12.834,11.663,8.3815,5.2219,2.7409
1.0847,-0.10613,-0.50432,-0.40656,0.38815,2.9436,7.7806,10.41,9.3001,6.9274,4.3904,2.2907
0.68639,0.0032942,-0.53431,-0.47731,0.86715,4.521,9.239,11.945,10.949,7.7669,5.3124,3.3404
2.0865,0.78592,-0.17688,-0.17678,1.2534,4.7016,9.9337,12.749,11.1,8.1793,5.3266,3.0468
1.2261,0.3683,-0.10941,-0.012177,1.3867,5.3503,11.067,13.683,11.965,9.1316,6.0073,3.3882
1.2473,0.17318,-0.2545,-0.056368,1.5795,6.6687,13.162,15.279,13.2,9.6974,6.9981,4.1606
1.5843,0.2469,-0.1808,-0.095537,1.228,4.9694,10.464,13.162,11.385,8.4522,6.0998,3.4374
1.5688,0.48236,-0.040176,-0.047136,1.2495,4.714,9.9723,12.779,11.53,8.2149,5.2245,2.8053
0.95515,-0.02057,-0.35423,-0.29973,0.73246,4.4746,10.142,12.976,11.682,8.992,5.8854,3.3838
1.2992,0.1115,-0.29549,-0.27715,0.85854,4.2218,9.1189,11.976,10.54,7.8982,5.079,2.7693
1.0198,0.06213,-0.4334,-0.43913,0.83144,4.4074,10.049,12.975,11.608,8.6515,5.9525,3.2685
1.3578,0.3463,-0.076986,0.073461,1.5166,5.4073,10.855,13.374,11.594,8.8108,5.6659,3.2668
1.4114,0.16791,-0.34038,-0.25207,0.89668,4.2495,9.4685,12.591,11.196,7.9221,5.3618,3.237
1.2685,-0.026067,-0.42439,-0.35495,0.39054,3.3201,8.8918,11.771,10.322,8.0294,5.4634,3.1757
1.4754,0.46659,-0.10067,0.0071106,1.5888,5.9508,11.517,13.736,11.611,8.3057,5.6982,3.6209
1.6218,0.24865,-0.3496,-0.28068,0.9631,4.4766,9.6078,12.074,10.918,8.4401,5.7205,3.1617
1.3368,0.22052,-0.21559,-0.14569,1.0548,4.7687,10.247,12.997,11.504,8.5277,6.2422,4.0988
1.9637,0.47216,-0.21859,-0.14118,1.3036,5.2653,10.98,13.837,12.011,8.9347,6.0433,3.4071
1.5163,0.42444,-0.14485,0.18282,1.9746,7.5814,14.726,16.88,14.275,11.404,8.4218,5.436
3.4061,2.0006,1.3099,1.4006,3.85,9.6497,16.217,17.618,14.819,11.23,8.3366,5.7782
3.8414,2.2383,0.9781,0.88237,3.0616,8.7002,14.898,16.626,14.252,11.052,8.0839,5.4594
3.2127,1.6586,0.62377,0.7236,2.5883,8.1293,14.739,16.464,14.066,10.854,8.3418,5.4339
3.2855,1.2756,0.45493,0.58396,2.6995,7.724,14.148,16.186,14.22,10.742,7.5829,5.203
2.8104,0.90254,-0.0086627,-0.07807,1.063,4.5984,10.075,12.854,10.976,7.9672,5.503,3.2578
1.3592,0.22033,-0.31508,-0.21259,1.0966,4.7647,10.535,13.386,11.554,8.277,5.5763,3.3884
2.1011,1.0842,0.24347,0.28028,1.7818,6.2889,12.212,14.82,12.442,9.1286,6.561,4.2815
2.2023,0.76914,0.20388,0.30053,1.7613,6.5625,12.987,15.261,12.711,9.6609,6.7286,4.0458
1.9024,0.62243,0.016556,0.18628,2.2365,7.4716,14.278,16.289,14.268,10.581,7.8023,5.0061
3.0845,1.4024,0.58738,0.91712,3.3117,8.9375,15.441,17.206,14.939,11.538,8.1632,5.4247
3.3112,1.7206,0.76595,1.0199,3.4762,9.2109,15.785,17.409,14.803,12.12,8.9735,6.4691
4.1461,2.3375,0.93922,0.97888,3.5277,10.155,16.917,18.133,15.257,12.124,9.0121,6.2673
4.0282,2.466,1.404,1.7719,4.1359,10.485,17.105,18.611,15.507,12.484,9.0937,6.4611
4.5091,2.7673,1.3517,1.3503,3.737,9.7978,16.543,18.163,15.176,11.512,8.5892,5.9245
3.9169,2.2955,0.8872,0.78718,2.8236,8.4988,14.964,16.58,14.057,11.038,7.9411,5.6872
3.6156,2.0328,1.4579,1.5394,3.9712,10.122,16.983,18.23,15.276,11.49,8.5829,6.1796
3.9847,2.479,1.5923,1.6424,4.3411,10.708,17.432,18.604,15.93,12.784,9.3552,6.6274
4.3267,2.6546,1.6611,1.4595,3.8544,9.8254,16.481,18.302,15.267,11.719,8.9408,6.5678
4.7218,2.9144,1.7307,2.0503,4.9222,11.533,18.13,19.14,16.147,12.469,9.869,7.297
4.8937,3.0276,1.5956,1.497,4.2337,10.605,17.146,18.321,15.277,12.37,9.5574,6.9306
4.8233,3.0852,1.8596,2.3419,5.3347,11.984,18.587,19.683,16.41,13.061,10.543,7.8232
5.4715,3.6323,2.562,2.587,5.7663,11.985,18.433,19.448,16.222,12.706,9.9243,7.4663
5.1838,3.5171,2.2599,2.0178,4.6088,10.956,17.663,18.891,15.969,12.826,10.09,7.4245
5.3594,3.5469,2.2397,2.34,5.4878,11.871,18.43,19.299,16.347,12.985,10.09,7.9679
5.6314,3.8084,2.4832,2.4768,5.0959,11.456,18.265,19.074,16.486,13.211,10.115,7.6842
5.8003,4.4265,3.8959,3.7673,6.6189,13.243,19.678,20.361,17.31,13.921,10.851,8.1854
5.9364,4.1424,3.0477,3.1102,5.896,12.472,19.314,19.861,17.038,14.114,11.051,8.3635
6.0534,4.4158,3.45,3.3868,6.1722,12.72,19.312,19.948,17.14,13.612,10.391,7.8064
5.7762,4.2197,2.8627,2.6147,5.245,11.673,18.147,19.482,16.549,13.66,10.537,7.9555
5.9352,4.3419,3.1626,3.1465,6.0214,12.431,19.006,19.873,16.962,13.484,10.555,7.8998
5.5828,4.0202,2.7393,3.1575,6.1411,12.528,18.884,20.008,16.88,13.504,10.252,7.822
5.6417,3.838,2.703,3.1019,5.9357,12.594,19.36,20.116,17.115,13.65,10.649,8.0316
5.7154,3.9136,2.7007,2.4957,5.0946,11.338,17.976,19.355,16.623,12.949,9.7497,7.205
4.9169,3.2001,1.9543,2.0688,4.908,11.742,18.535,19.386,16.611,13.053,9.9044,7.3545
5.5114,3.7538,2.6072,2.6265,5.2258,11.634,17.944,19.278,16.099,12.781,9.8963,7.5184
5.4397,3.8284,2.5107,2.485,5.1593,11.265,17.864,19.089,16.619,13.601,10.617,7.9662
5.4809,3.7556,2.4961,2.4911,5.4475,12.328,18.949,19.735,16.504,13.757,10.561,7.7903
5.4804,3.5329,2.5533,2.6624,5.3643,11.884,18.451,19.303,16.506,13.312,10.173,7.6758
5.7334,3.9725,2.901,3.0844,6.1188,12.26,18.583,19.471,16.468,12.692,10.021,7.4796
5.377,3.9319,2.6074,2.4953,5.0358,11.071,17.168,18.54,15.773,12.783,9.8145,7.0934
4.8767,3.1929,2.2089,2.1341,4.6337,11,17.909,19.04,15.941,12.569,9.4431,7.0254
4.7799,3.1264,1.6155,1.5366,3.8587,9.8642,16.223,18.301,15.786,12.138,9.5018,6.9848
4.9315,3.3848,2.9196,3.1087,6.0462,12.378,18.993,20.246,17.205,13.708,10.289,7.5931
5.2043,3.394,1.9684,1.9067,4.6375,10.805,17.385,19.054,16.243,12.578,9.4813,7.0838
4.9664,3.6791,2.8079,2.881,5.4313,12.017,18.689,19.503,16.532,13.712,10.771,8.0674
5.6749,4.244,3.2965,3.2877,6.2887,12.99,19.666,20.179,17.226,13.595,10.524,7.8358
5.7231,3.7234,2.5968,2.7135,5.5608,11.956,18.801,19.904,16.447,13.115,10.443,7.6953
5.5004,3.9219,2.7229,2.7994,5.5031,11.964,18.423,19.789,16.717,13.282,10.091,7.3851
5.1238,3.6892,2.685,2.6075,5.3417,11.443,18.272,19.273,16.316,13.268,10.67,7.9462
5.7258,4.3313,3.0003,2.9585,5.6413,11.946,18.265,19.74,16.487,12.979,10.081,7.8052
5.5684,3.6563,2.4293,2.4382,5.4049,11.916,18.364,19.628,16.405,13.055,10.103,7.396
5.1663,3.6214,2.7351,2.7319,5.5924,11.992,18.415,19.701,16.672,13.299,10.211,7.2995
4.8064,3.1638,2.3971,2.5347,5.1392,10.954,17.365,18.822,16.209,12.974,10.268,7.7857
5.4577,3.5755,2.5312,2.6841,5.6047,11.986,18.446,19.432,16.56,13.76,10.467,7.7006
5.5581,3.6912,2.4637,2.3745,5.1502,11.569,18.249,19.241,16.119,12.558,9.742,7.1322
4.8598,3.3262,2.0945,2.4044,5.1957,11.749,18.517,19.559,16.598,13.541,10.529,8.0656
5.8336,4.1797,2.961,2.8795,6.0166,12.49,19.175,19.732,16.867,13.813,10.807,8.1178
6.0427,4.2896,3.148,2.8753,5.27,11.56,18.597,19.551,16.556,13.358,10.206,7.6148
5.4071,3.6242,2.1237,2.238,5.0576,11.117,17.486,19.067,16.235,13.007,9.9126,7.48
5.2939,3.6029,2.5508,2.4478,5.0166,11.041,17.493,19.117,16.375,12.697,9.8089,7.3811
5.3521,3.5045,2.5656,2.5601,5.0095,11.124,17.62,18.959,15.895,12.433,9.7415,7.2429
