0.0017707,0.0014536,0.0015344,0.0022184,0.0037008,0.0055823,0.006938,0.0069278,0.0058212,0.0042198,0.0029216,0.0021439
0.0014115,0.0016918,0.0015498,0.0021634,0.003368,0.0058149,0.0070764,0.0068059,0.0054709,0.004069,0.0028547,0.0023907
0.0018257,0.0013108,0.0015049,0.0021424,0.003405,0.0055426,0.0069219,0.0067562,0.0053937,0.0036878,0.0026889,0.0018355
0.0014737,0.0013196,0.0012649,0.0016793,0.0028968,0.0050916,0.0066638,0.0064901,0.0052061,0.0037399,0.0025362,0.0016453
0.0011771,0.00093894,0.0010756,0.001909,0.0032801,0.0053812,0.0066351,0.0061678,0.004977,0.0035903,0.0025106,0.0016698
0.0014164,0.0010141,0.0012011,0.0017964,0.0030614,0.0053886,0.0066765,0.0063132,0.0050806,0.0035326,0.0022346,0.001586
0.001277,0.00089938,0.00094032,0.0019109,0.0029511,0.0046903,0.0060668,0.0058592,0.0048221,0.0032725,0.0019988,0.0013108
0.00099145,0.00077497,0.00093009,0.0017474,0.0032381,0.0050135,0.0061651,0.0059002,0.0046399,0.0031181,0.0021262,0.0015237
0.0012445,0.0010376,0.0010908,0.0016885,0.002763,0.0046804,0.0060556,0.0058401,0.0045512,0.0031823,0.0018157,0.0012484
0.00078369,0.00078721,0.0010521,0.0015725,0.0025567,0.0048142,0.0060015,0.005928,0.0046231,0.0029921,0.0019693,0.0011168
0.00098047,0.00086706,0.000912,0.0015768,0.0026746,0.0043587,0.0058247,0.0057189,0.0045364,0.0030739,0.0017981,0.0011915
0.0008792,0.00069363,0.00098484,0.0015239,0.0030698,0.0050317,0.0057127,0.0055731,0.0043713,0.0031072,0.0019309,0.0011308
0.00096047,0.00094156,0.00094369,0.0015722,0.0029781,0.0048049,0.0058493,0.0056097,0.0043819,0.0029326,0.0017843,0.0012062
0.00092726,0.00082645,0.00095421,0.0015299,0.0025808,0.0043666,0.0059098,0.005708,0.0043176,0.0027653,0.001717,0.0011247
0.00086728,0.00064891,0.00097418,0.0015921,0.0028216,0.0043982,0.0055906,0.0054982,0.0043369,0.0028318,0.0020402,0.0015688
0.00097966,0.00063682,0.0010509,0.001533,0.002603,0.0048261,0.005858,0.0056938,0.0043881,0.0030801,0.001911,0.0013407
0.0010562,0.00073282,0.0008871,0.0013492,0.0027113,0.0046788,0.0058733,0.0057169,0.0044644,0.0029184,0.0017759,0.0013744
0.00083252,0.00090056,0.00089837,0.0015768,0.002547,0.0042577,0.0058001,0.0055721,0.0043874,0.0028803,0.0018891,0.001188
0.001149,0.00074507,0.00075351,0.0014137,0.0024946,0.004394,0.0057118,0.0056271,0.0043266,0.0026361,0.0016028,0.00095681
0.00095918,0.00080998,0.00081091,0.0016332,0.0028134,0.0045025,0.0058404,0.0055193,0.004362,0.0028467,0.0016663,0.0011542
0.00077638,0.00072987,0.00090476,0.0014163,0.0025475,0.004136,0.0055808,0.0055116,0.0041588,0.0028908,0.001911,0.0012353
0.00091353,0.00074311,0.00099343,0.0017264,0.0025798,0.0046904,0.0057612,0.0058113,0.004393,0.0026713,0.0017059,0.0011815
0.00093538,0.00066343,0.00085903,0.0014763,0.0024833,0.0045215,0.0058049,0.0055868,0.0043297,0.0028245,0.0017526,0.0011824
0.00097786,0.00082383,0.0011671,0.0017762,0.0027555,0.0046083,0.0060316,0.0057615,0.0046296,0.0029154,0.0018801,0.0012481
0.00083162,0.00082327,0.00096824,0.0015522,0.0027253,0.0044658,0.0060602,0.0056843,0.0042466,0.0029587,0.0017839,0.0012782
0.0009617,0.00071788,0.00082535,0.0015926,0.0029473,0.0047945,0.0059523,0.0055226,0.0044292,0.0030688,0.0018707,0.0010445
0.00083233,0.0010458,0.00093562,0.0013331,0.0026333,0.0044567,0.0057123,0.005612,0.0043324,0.0030641,0.0019854,0.001271
0.00089119,0.00076194,0.00088583,0.0013822,0.0028619,0.005019,0.0060177,0.0056989,0.0042755,0.0028587,0.0017345,0.0010923
0.00095752,0.00073082,0.00082968,0.001434,0.0028293,0.0044007,0.0057552,0.005319,0.0044263,0.0027508,0.0015921,0.0012309
0.0010297,0.00091337,0.0010295,0.0018554,0.0032542,0.0050274,0.0063729,0.0061496,0.0048033,0.0031904,0.0021283,0.0017367
0.0013907,0.0012429,0.0012231,0.0020862,0.0033427,0.0052977,0.0064088,0.0063652,0.0051869,0.0035327,0.0025272,0.0019541
0.0015698,0.0013932,0.001622,0.0022961,0.0035249,0.0055049,0.0071441,0.0069125,0.0055396,0.0036245,0.002625,0.0018215
0.0017676,0.0014389,0.0016351,0.0023293,0.0038541,0.0056383,0.0074024,0.0072482,0.0059413,0.0039379,0.0028359,0.0020617
0.0019123,0.0018741,0.002009,0.0026522,0.0038224,0.0061114,0.0077371,0.007631,0.0064062,0.0041988,0.0028061,0.002216
0.0021567,0.0017064,0.0020887,0.0028199,0.0042911,0.0064075,0.0081508,0.0081024,0.0065897,0.0044522,0.0032237,0.0024996
0.0020871,0.0017354,0.0020304,0.002728,0.0043561,0.0062612,0.0078804,0.0080833,0.0065825,0.0046576,0.0029769,0.0025062
0.0020586,0.0016377,0.0022762,0.0025112,0.003703,0.0062783,0.0081109,0.0083305,0.0066716,0.0047247,0.0032814,0.0025417
0.0022945,0.0019752,0.0020952,0.0029178,0.0044388,0.0066567,0.0083347,0.0083476,0.0067833,0.0047307,0.0033368,0.0025706
0.0022668,0.0016629,0.0017687,0.0025669,0.0041648,0.0062314,0.0079732,0.0079232,0.0064519,0.0044546,0.0033384,0.0026382
0.0020932,0.0020673,0.0020316,0.0027813,0.0047299,0.0067358,0.0082011,0.0083234,0.0068971,0.0051109,0.0034117,0.0027058
0.0019725,0.0018686,0.0020087,0.0024354,0.0039502,0.006196,0.0080596,0.0077419,0.0062875,0.0045509,0.0032184,0.0026755
0.002187,0.001794,0.0017982,0.0028011,0.0043086,0.0062739,0.0079701,0.0082751,0.0066566,0.0047301,0.003473,0.0023161
0.002095,0.0017016,0.0019769,0.002645,0.0046176,0.0067176,0.0080688,0.0081284,0.0066541,0.0049789,0.0034865,0.0026287
0.0020909,0.0019722,0.0021041,0.0027922,0.0039151,0.0061049,0.0076915,0.0078259,0.0065623,0.0044122,0.0031556,0.002232
0.0019778,0.0019496,0.0017889,0.002629,0.0038571,0.00586,0.0072919,0.0075451,0.0064876,0.0045133,0.0031485,0.0024524
0.001727,0.0015517,0.0014639,0.002293,0.0036328,0.0059139,0.0072332,0.0073203,0.0061092,0.0043087,0.0031112,0.0019876
0.0015934,0.0015092,0.0017447,0.0024009,0.0037707,0.0057508,0.0071407,0.0070543,0.0060045,0.0043043,0.0028672,0.001962
0.0015499,0.0015154,0.0014116,0.002252,0.003803,0.0054548,0.0068059,0.00684,0.0058756,0.0040984,0.0026302,0.0017263
0.0014924,0.0012522,0.0015224,0.0020802,0.0033762,0.0055486,0.0071017,0.00704,0.0057303,0.0039587,0.0029032,0.0018232
0.0013371,0.0013872,0.0016044,0.0021555,0.0035436,0.0057802,0.0070277,0.0067837,0.0057458,0.0038868,0.0026505,0.0018654
0.0012894,0.0014104,0.0016218,0.0025601,0.0037265,0.0057191,0.0068713,0.0068508,0.0057261,0.0038482,0.0025735,0.0018823
0.0012699,0.0010776,0.0012398,0.0023068,0.0036737,0.0055029,0.0068049,0.0066674,0.0056706,0.003863,0.0029307,0.0018159
0.0014967,0.0014565,0.0013994,0.0018501,0.003232,0.0054602,0.0067348,0.0065049,0.0055008,0.003935,0.0023413,0.0019221
0.0014285,0.001248,0.0013673,0.0019804,0.003523,0.0055879,0.0068756,0.0066275,0.005492,0.0039011,0.0026019,0.0017365
0.0014504,0.0013784,0.0016036,0.0021263,0.00345,0.0052148,0.0066786,0.0065236,0.005378,0.0035447,0.0024206,0.0014592
0.0012547,0.0011503,0.0012337,0.0021399,0.003324,0.005399,0.0066304,0.0064485,0.0053546,0.0036369,0.0023872,0.0016028
0.0012275,0.001004,0.0011599,0.0018086,0.0031614,0.0051258,0.0064636,0.0064023,0.0052741,0.0034804,0.0021869,0.0012754
0.0010697,0.0011255,0.001231,0.0020643,0.0033755,0.004986,0.0064588,0.0063165,0.0049878,0.0032673,0.0020567,0.0012287
0.001242,0.00096125,0.00090579,0.0016327,0.0027243,0.0046703,0.006166,0.006027,0.0049109,0.0034524,0.0020403,0.0012862
0.0010684,0.001008,0.0011095,0.0017265,0.0032336,0.0050222,0.0063373,0.0063184,0.0051873,0.0033396,0.0022252,0.0015616
0.0011535,0.0010389,0.0010617,0.0015499,0.003091,0.0051406,0.0064339,0.0061473,0.0049149,0.003131,0.0020066,0.0014585
0.00086048,0.00082487,0.0010845,0.0016347,0.0029306,0.0047949,0.0060807,0.0058672,0.004742,0.003068,0.0019989,0.0014845
0.0010451,0.00090528,0.00093219,0.0016012,0.0029236,0.0045444,0.0057421,0.0056923,0.0045574,0.0030009,0.0020856,0.0014081
0.0010467,0.00087884,0.00089179,0.0016185,0.0027527,0.0042929,0.0057234,0.0057808,0.0046649,0.0029388,0.0017046,0.0012317
0.0010519,0.00074126,0.00092885,0.0013977,0.0026407,0.0044506,0.0060174,0.005616,0.0045228,0.0028559,0.0018028,0.0012332
0.0010099,0.000803,0.00084806,0.00145,0.0024638,0.0040999,0.0058231,0.0053354,0.0042866,0.0027742,0.0018864,0.0011179
0.00082361,0.00080118,0.00094135,0.0015219,0.0028609,0.0046984,0.0061312,0.0058821,0.0044744,0.0029973,0.0018072,0.0011313
0.00080942,0.00083867,0.00087789,0.0014426,0.0030074,0.0045631,0.0058696,0.0057144,0.0044106,0.0026758,0.001644,0.0012003
0.0010679,0.00080953,0.00087163,0.0014821,0.0026395,0.0046136,0.0059432,0.0058379,0.0043243,0.0026695,0.0017897,0.0010302
0.00089598,0.00079296,0.0009503,0.0015338,0.0027054,0.004189,0.0056154,0.0054657,0.0042441,0.0028505,0.0016214,0.0010854
0.00071706,0.00070103,0.00088246,0.0013442,0.0026961,0.0043252,0.0056526,0.0052213,0.0038842,0.0024916,0.0014702,0.0010776
0.0007138,0.00065947,0.00082597,0.0012609,0.0025522,0.0042444,0.0059144,0.005591,0.0041624,0.0026129,0.0015732,0.0010994
0.00083668,0.00079019,0.00086548,0.0013507,0.0025447,0.0040731,0.0054553,0.005514,0.0042372,0.0025941,0.0017672,0.0010248
0.0006847,0.0005539,0.00074888,0.0014787,0.0025216,0.0040942,0.0054966,0.0054251,0.0041424,0.0027498,0.0016583,0.0010664
0.00076669,0.00059802,0.00092129,0.0014199,0.0026326,0.0043494,0.0058243,0.005441,0.0041756,0.0027251,0.0016552,0.0011747
0.00078186,0.00071573,0.00077381,0.0014524,0.0025486,0.0042167,0.0056223,0.0053953,0.0042122,0.0026414,0.0018103,0.0011899
0.00087677,0.0007817,0.00081977,0.0015681,0.0023171,0.0039298,0.0055748,0.0053652,0.00412,0.0026159,0.0015223,0.0010058
0.00078544,0.00066711,0.00089,0.0013394,0.0023562,0.0040924,0.0053996,0.0050855,0.0040974,0.0027301,0.0015195,0.0012238
