0.0017777,0.0011512,0.0016198,0.0025137,0.0041484,0.0062682,0.0078116,0.007666,0.0066492,0.004708,0.0034007,0.0023156
0.002006,0.0015688,0.0016633,0.0027674,0.0043598,0.0064539,0.008092,0.0082447,0.0065214,0.0046882,0.0036853,0.0025856
0.0017874,0.0012671,0.0016362,0.0025917,0.0040586,0.0060392,0.0078805,0.007859,0.0066135,0.0045689,0.0033082,0.0028273
0.0020074,0.0013756,0.0015486,0.0022948,0.0033497,0.0057737,0.0076635,0.0075844,0.0064181,0.0044429,0.0033189,0.0023233
0.0015564,0.0012883,0.0013218,0.0022447,0.003817,0.0061701,0.0075678,0.0074966,0.0062787,0.0048498,0.0037323,0.0029415
0.0019187,0.0013272,0.0016256,0.002403,0.0040447,0.0062914,0.0079898,0.0077626,0.0064543,0.0049343,0.0036283,0.0025891
0.0017987,0.0014916,0.0015655,0.0022521,0.0037168,0.0057461,0.0075665,0.0074555,0.0062145,0.0046999,0.0035315,0.0031079
0.0021281,0.0015877,0.0018487,0.0027137,0.0043837,0.006206,0.0078439,0.0079691,0.0068011,0.0046786,0.0034758,0.0027425
0.002049,0.0021035,0.0017839,0.0024313,0.0036641,0.006021,0.0076359,0.0078143,0.0063078,0.0044432,0.0033413,0.0024318
0.0020958,0.0016373,0.0016461,0.0026263,0.0045868,0.0067227,0.0082285,0.0082632,0.0069797,0.0048651,0.0037361,0.0030637
0.0020495,0.0015234,0.0015389,0.0022606,0.0037513,0.0059477,0.0076425,0.0079237,0.0068267,0.0047507,0.0034508,0.0026207
0.0018838,0.0015456,0.0016097,0.002164,0.0036814,0.0059495,0.0079192,0.0080478,0.0064744,0.0047843,0.0034281,0.0027146
0.0018614,0.0016789,0.0015241,0.0026496,0.0046167,0.0064542,0.0081676,0.0084089,0.006895,0.0051647,0.0036412,0.002654
0.0021078,0.0013077,0.0018828,0.0025596,0.0046637,0.0065335,0.0081578,0.0085162,0.0070423,0.0051851,0.0038954,0.0029747
0.0023489,0.0018893,0.001602,0.0022549,0.0040013,0.0060835,0.0080916,0.0083029,0.0066122,0.0049961,0.003558,0.0028278
0.0018371,0.0019986,0.0019307,0.0027154,0.0040653,0.0064138,0.0078916,0.0082383,0.0069088,0.0050166,0.0035083,0.0026909
0.0021518,0.0016239,0.0016113,0.0022498,0.0041767,0.0065905,0.0081382,0.0084667,0.0070447,0.0047722,0.0036648,0.0027046
0.0022823,0.0018447,0.0015493,0.0021843,0.0038356,0.0065881,0.008458,0.0084998,0.0071046,0.0049853,0.0038899,0.0030548
0.0023103,0.001929,0.0020156,0.0028562,0.0045915,0.0068979,0.0088348,0.0086226,0.007456,0.0054287,0.0038983,0.0029654
0.0022221,0.0018223,0.0016435,0.0029092,0.0039727,0.0064999,0.0085962,0.0088142,0.0071094,0.0051531,0.003724,0.0028288
0.0021317,0.0019584,0.002005,0.0023088,0.0039961,0.0064675,0.0084006,0.0083747,0.0071001,0.0049793,0.0037184,0.0029672
0.0022484,0.0019908,0.0021729,0.0028739,0.0040787,0.0064764,0.0084722,0.0086073,0.0071753,0.0052167,0.0038383,0.0028941
0.0022667,0.0017539,0.0017162,0.0024555,0.0043691,0.0064164,0.0082881,0.0083069,0.0069902,0.005047,0.0036649,0.0027634
0.0020394,0.001745,0.0017826,0.0025617,0.0038469,0.0062204,0.0081808,0.0081177,0.0068461,0.0049137,0.0037529,0.0028994
0.0022633,0.0018631,0.001814,0.0027873,0.0043316,0.0062788,0.0082948,0.0083263,0.0071994,0.005065,0.0038936,0.0028782
0.0024548,0.0017262,0.0019455,0.0027774,0.0043359,0.0064347,0.0086387,0.0086771,0.0071096,0.0052101,0.0041712,0.0032301
0.0026754,0.0017777,0.0017172,0.002718,0.0042043,0.0065543,0.0082909,0.0084555,0.0072703,0.0050645,0.0038216,0.0029957
0.0021528,0.0017343,0.0016135,0.0026801,0.0041787,0.006614,0.0085148,0.008433,0.0070366,0.0051782,0.0037034,0.00322
0.0023956,0.0017288,0.001842,0.0024258,0.0039549,0.0065255,0.0083257,0.0085243,0.0076382,0.0052318,0.0037384,0.0027019
0.0021212,0.0017001,0.0019572,0.0025228,0.0037944,0.0062584,0.0082347,0.0082311,0.0069503,0.0050818,0.0038215,0.0029263
0.0022686,0.001475,0.0016662,0.0025356,0.0040175,0.0061885,0.008164,0.0083915,0.0067982,0.0050862,0.0036683,0.0029934
0.0022678,0.002404,0.001899,0.0027545,0.0042583,0.0063624,0.0081455,0.0085639,0.0073146,0.0054598,0.004131,0.0031634
0.0026222,0.0022773,0.0020754,0.0025764,0.0041077,0.0065297,0.0082421,0.008938,0.0071058,0.0049521,0.0035313,0.0028269
0.0022258,0.0017653,0.002171,0.0026745,0.0040048,0.0063835,0.0081896,0.0081412,0.0067899,0.0052353,0.0036982,0.0026269
0.0022927,0.0020785,0.0019111,0.0025891,0.0042744,0.0066941,0.0084476,0.0085304,0.0071014,0.0052455,0.0038065,0.0030961
0.0023789,0.0018469,0.0016579,0.0026803,0.0041844,0.0066054,0.0083437,0.0082671,0.0071741,0.0051233,0.003674,0.002716
0.0019528,0.0015151,0.0017152,0.0023023,0.0037985,0.0061735,0.0081439,0.0081373,0.0067623,0.0048611,0.0038416,0.0028465
0.0024396,0.0019509,0.0021104,0.0029585,0.004512,0.0067185,0.0088312,0.0091382,0.0075451,0.0051491,0.0039856,0.0029126
0.0026113,0.001983,0.0016955,0.0030024,0.0046541,0.0067599,0.008725,0.0090584,0.0076786,0.0052685,0.0037885,0.0031377
0.0024224,0.0018485,0.0018718,0.0025215,0.003953,0.0062147,0.0083678,0.0085329,0.0071086,0.0048739,0.0036454,0.0029051
0.0020693,0.0016292,0.0015406,0.0026282,0.0043272,0.0066699,0.0084958,0.0086796,0.0071039,0.005215,0.0038836,0.0029753
0.0021629,0.002075,0.0017838,0.0025533,0.0042015,0.0064257,0.0084761,0.0087606,0.0074806,0.0051566,0.0038804,0.0031948
0.0025863,0.0021947,0.0017484,0.0026223,0.0042977,0.006501,0.0087354,0.0088139,0.0072727,0.0050867,0.0035791,0.0026174
0.0019466,0.001607,0.0017628,0.0025021,0.0042606,0.0064071,0.0083282,0.0085666,0.0070735,0.0048198,0.0036274,0.0028264
0.0019353,0.0016601,0.0024961,0.0029307,0.0041421,0.0063466,0.0082414,0.0084567,0.0072554,0.0049524,0.0037731,0.0026823
0.0023265,0.0019714,0.0021517,0.0026107,0.0042798,0.0066134,0.0082884,0.0086555,0.0070576,0.0050645,0.0037174,0.0030083
0.0019912,0.0015708,0.0017511,0.0025949,0.0048591,0.0067948,0.0082673,0.0086426,0.0074743,0.0051222,0.0038014,0.0029067
0.0021815,0.0017339,0.0017769,0.0028979,0.0045621,0.0069292,0.0085953,0.0085762,0.0070774,0.0048836,0.0036925,0.0029492
0.0020819,0.0017206,0.0017829,0.0021619,0.0039087,0.0065715,0.008244,0.0082947,0.0072613,0.0050284,0.0036335,0.0028844
0.0019517,0.0015959,0.0016161,0.0028334,0.0042774,0.0064336,0.0079415,0.0084105,0.0069031,0.0051663,0.0038982,0.0031892
0.0027914,0.0022314,0.002192,0.0030814,0.0041774,0.0064484,0.0082155,0.0085452,0.0072949,0.0053223,0.0038573,0.0030425
0.002475,0.0022687,0.0022099,0.0028759,0.0043977,0.0062565,0.0084824,0.0086691,0.0073424,0.0052348,0.0037183,0.002917
0.0021621,0.0018239,0.0016577,0.0023641,0.004377,0.0066234,0.0084545,0.0084534,0.0070737,0.0051199,0.0036347,0.0027708
0.0023294,0.0017084,0.0017323,0.0026055,0.0047179,0.0067862,0.008419,0.0088314,0.0074087,0.0055127,0.0040588,0.0029989
