9.5595e+06,1.1966e+07,1.3165e+07,1.3397e+07,1.2334e+07,1.0578e+07,6.5341e+06,1.609e+06,6.147e+05,8.3333e+05,1.4271e+06,5.0639e+06
9.9026e+06,1.2051e+07,1.3237e+07,1.3666e+07,1.2732e+07,1.0969e+07,7.159e+06,1.9885e+06,7.5554e+05,1.1556e+06,2.5422e+06,5.908e+06
1.0059e+07,1.2032e+07,1.3058e+07,1.3006e+07,1.2431e+07,1.0675e+07,6.889e+06,2.4341e+06,8.1637e+05,1.0264e+06,2.4082e+06,6.2431e+06
9.8005e+06,1.1453e+07,1.2862e+07,1.3178e+07,1.2401e+07,1.079e+07,6.7322e+06,2.6305e+06,7.4665e+05,5.6668e+05,1.5312e+06,5.5047e+06
9.552e+06,1.1679e+07,1.3003e+07,1.3094e+07,1.236e+07,1.0852e+07,6.8848e+06,1.4745e+06,5.6804e+05,5.0158e+05,1.2608e+06,3.5617e+06
9.0941e+06,1.1805e+07,1.3443e+07,1.3684e+07,1.2835e+07,1.093e+07,7.1324e+06,2.5167e+06,8.259e+05,7.6e+05,2.0013e+06,6.9185e+06
1.0201e+07,1.1989e+07,1.317e+07,1.3211e+07,1.247e+07,1.0496e+07,4.9464e+06,1.1876e+06,2.2066e+05,1.2429e+05,8.4544e+05,3.6219e+06
8.631e+06,1.0971e+07,1.2443e+07,1.2812e+07,1.2738e+07,9.9985e+06,6.4214e+06,2.2432e+06,4.2827e+05,88652,8.4843e+05,5.4046e+06
8.5689e+06,1.083e+07,1.2042e+07,1.2802e+07,1.2083e+07,1.0153e+07,6.5982e+06,1.2351e+06,2.5635e+05,93619,7.3414e+05,2.71e+06
8.6159e+06,1.0917e+07,1.196e+07,1.2521e+07,1.1846e+07,9.155e+06,4.2894e+06,6.4913e+05,1.4905e+05,1.2463e+05,6.0167e+05,1.8075e+06
6.2481e+06,1.0185e+07,1.2171e+07,1.3052e+07,1.26e+07,1.105e+07,7.5905e+06,4.1661e+06,1.4187e+06,9.2822e+05,1.4894e+06,4.4715e+06
8.5687e+06,1.1611e+07,1.314e+07,1.3046e+07,1.2305e+07,1.0523e+07,5.7922e+06,1.2539e+06,3.2713e+05,1.8654e+05,1.0053e+06,3.2476e+06
8.2929e+06,1.1368e+07,1.2726e+07,1.323e+07,1.2812e+07,1.0801e+07,7.5935e+06,2.8539e+06,8.0753e+05,6.0638e+05,1.3114e+06,4.1455e+06
8.8055e+06,1.0479e+07,1.1869e+07,1.265e+07,1.2393e+07,1.0858e+07,7.0922e+06,3.8551e+06,7.412e+05,4.9885e+05,2.8306e+06,6.0916e+06
9.0268e+06,1.0815e+07,1.2073e+07,1.2571e+07,1.1606e+07,9.7192e+06,6.7101e+06,2.137e+06,4.491e+05,3.2586e+05,1.5001e+06,4.7041e+06
7.0549e+06,9.62e+06,1.0919e+07,1.1611e+07,1.1645e+07,9.6875e+06,7.1766e+06,3.4867e+06,6.1361e+05,2.798e+05,2.1497e+06,4.4125e+06
7.5686e+06,1.0409e+07,1.1391e+07,1.1339e+07,1.0942e+07,8.5841e+06,6.0978e+06,1.839e+06,3.0673e+05,1.1398e+05,7.3849e+05,2.7859e+06
6.1286e+06,9.7858e+06,1.1126e+07,1.1605e+07,1.0975e+07,8.7219e+06,5.794e+06,2.1471e+06,3.181e+05,1.2645e+05,6.4169e+05,1.5779e+06
5.9154e+06,8.9769e+06,1.116e+07,1.1821e+07,1.1476e+07,9.9985e+06,6.6904e+06,2.1241e+06,4.3721e+05,2.5426e+05,1.0069e+06,3.2601e+06
6.9284e+06,1.0588e+07,1.1519e+07,1.2228e+07,1.1995e+07,1.0655e+07,7.5534e+06,3.501e+06,1.0773e+06,7.9644e+05,1.8995e+06,3.4679e+06
7.3528e+06,1.1066e+07,1.2148e+07,1.2471e+07,1.1882e+07,1.0083e+07,6.0522e+06,1.8211e+06,3.4517e+05,2.7429e+05,1.1729e+06,2.4907e+06
6.5808e+06,9.6305e+06,1.1233e+07,1.1979e+07,1.15e+07,1.005e+07,6.8077e+06,2.7195e+06,5.2929e+05,2.5616e+05,1.2697e+06,3.7484e+06
7.3091e+06,1.0186e+07,1.1204e+07,1.1946e+07,1.1639e+07,9.6084e+06,5.9465e+06,2.5003e+06,2.9646e+05,1.6539e+05,1.4889e+06,4.0778e+06
7.7019e+06,9.8599e+06,1.1245e+07,1.2299e+07,1.1774e+07,1.0257e+07,6.1626e+06,1.1111e+06,3.0618e+05,2.7297e+05,9.4582e+05,1.8695e+06
5.939e+06,1.0261e+07,1.1681e+07,1.25e+07,1.2043e+07,1.0179e+07,6.926e+06,3.625e+06,8.6826e+05,6.7919e+05,2.2464e+06,4.8853e+06
7.959e+06,1.0319e+07,1.1711e+07,1.2385e+07,1.1952e+07,1.0162e+07,6.8088e+06,1.7606e+06,4.508e+05,1.9596e+05,1.0697e+06,2.619e+06
6.4588e+06,9.9591e+06,1.1066e+07,1.1593e+07,1.1094e+07,8.0338e+06,2.0691e+06,1.2681e+05,11213,3137.3,23112,7.3289e+05
5.0674e+06,9.0402e+06,1.0806e+07,1.153e+07,1.1123e+07,8.9762e+06,5.8413e+06,1.7049e+06,1.4865e+05,67136,6.9253e+05,1.8641e+06
5.7362e+06,9.4263e+06,1.1559e+07,1.2182e+07,1.1428e+07,1.0467e+07,7.2251e+06,3.0467e+06,7.665e+05,6.6691e+05,1.5753e+06,4.181e+06
7.2484e+06,1.0535e+07,1.1406e+07,1.2135e+07,1.1909e+07,1.0789e+07,6.7313e+06,2.6592e+06,5.394e+05,3.5045e+05,1.8939e+06,4.4483e+06
9.1603e+06,1.1e+07,1.2069e+07,1.2113e+07,1.1876e+07,1.0463e+07,6.9616e+06,2.8583e+06,5.6968e+05,2.8494e+05,6.8237e+05,1.4413e+06
4.6978e+06,8.9893e+06,1.0716e+07,1.1353e+07,1.1158e+07,8.9167e+06,3.6633e+06,2.1052e+05,27767,6907.9,3070,6.7378e+05
4.3751e+06,8.2764e+06,1.0831e+07,1.2011e+07,1.1704e+07,1.0003e+07,6.4316e+06,2.7461e+06,4.2179e+05,2.6291e+05,8.5505e+05,1.9416e+06
5.376e+06,9.6142e+06,1.1153e+07,1.1952e+07,1.1598e+07,9.9167e+06,6.7255e+06,3.2786e+06,5.2809e+05,3.0566e+05,2.1342e+06,4.3927e+06
7.7498e+06,1.0259e+07,1.161e+07,1.2401e+07,1.2e+07,1.0565e+07,6.4184e+06,1.6504e+06,2.3555e+05,1.2307e+05,1.0166e+06,2.6094e+06
7.3906e+06,1.0053e+07,1.1221e+07,1.206e+07,1.1878e+07,1.0062e+07,6.1062e+06,2.4707e+06,2.5575e+05,1.0444e+05,1.398e+06,3.0398e+06
5.4065e+06,1.0122e+07,1.1668e+07,1.2457e+07,1.1846e+07,9.9572e+06,6.3138e+06,2.3847e+06,2.249e+05,1.4392e+05,1.1233e+06,2.4648e+06
6.3585e+06,9.3311e+06,1.0881e+07,1.2043e+07,1.1444e+07,9.4853e+06,5.8406e+06,1.1313e+06,1.6385e+05,2.9707e+05,9.271e+05,2.3612e+06
5.6792e+06,1.0111e+07,1.1306e+07,1.2168e+07,1.2023e+07,1.0595e+07,6.2305e+06,2.4236e+06,2.8114e+05,1.3558e+05,9.7439e+05,3.5775e+06
6.8476e+06,9.7017e+06,1.133e+07,1.2019e+07,1.1335e+07,7.9643e+06,2.6573e+06,3.0552e+05,24586,6062.5,56710,7.0723e+05
2.9346e+06,7.499e+06,1.0149e+07,1.1105e+07,1.0428e+07,8.8409e+06,5.434e+06,1.5567e+06,1.4626e+05,43683,4.9486e+05,1.48e+06
5.6332e+06,8.9056e+06,1.041e+07,1.1483e+07,1.1239e+07,9.2615e+06,4.6971e+06,5.9393e+05,45320,7896.9,4270,6.8979e+05
4.405e+06,8.4737e+06,1.0514e+07,1.1491e+07,1.1194e+07,9.4881e+06,5.927e+06,1.9682e+06,1.3831e+05,30999,2.6541e+05,1.5285e+06
5.6282e+06,8.8854e+06,1.0982e+07,1.1467e+07,1.127e+07,9.7166e+06,5.9665e+06,1.6486e+06,71164,19221,8936.2,1.2256e+06
6.0089e+06,9.759e+06,1.1051e+07,1.1276e+07,1.0894e+07,9.5086e+06,6.296e+06,2.7448e+06,4.2393e+05,1.264e+05,1.8024e+06,4.2294e+06
7.5563e+06,1.0308e+07,1.1962e+07,1.2076e+07,1.1292e+07,9.2143e+06,5.1824e+06,7.6208e+05,1.5645e+05,63756,2.7421e+05,1.3616e+06
5.9494e+06,9.5084e+06,1.1032e+07,1.1414e+07,1.113e+07,8.5366e+06,4.6678e+06,7.1631e+05,46631,11905,4.6878e+05,1.4254e+06
4.2618e+06,9.1056e+06,1.0781e+07,1.1211e+07,1.0923e+07,8.4395e+06,4.3069e+06,1.6243e+05,19521,6277.4,2.2489e+05,1.2513e+06
5.3103e+06,8.4778e+06,1.0352e+07,1.0869e+07,1.0304e+07,7.8816e+06,3.2655e+06,1.3748e+05,8704.9,1900.5,805.53,2.4418e+05
2.1423e+06,6.9626e+06,1.0344e+07,1.0764e+07,1.0044e+07,8.132e+06,3.2702e+06,1.1135e+05,12434,3767.8,1.7228e+05,9.4226e+05
3.3331e+06,9.033e+06,1.0748e+07,1.181e+07,1.1714e+07,1.0396e+07,6.9686e+06,2.5711e+06,2.6569e+05,1.5698e+05,1.4236e+06,3.6167e+06
6.9692e+06,9.5703e+06,1.1069e+07,1.1013e+07,1.0433e+07,8.5626e+06,4.7959e+06,1.2089e+06,91465,29619,8.1392e+05,1.7678e+06
4.0032e+06,8.6003e+06,9.8624e+06,1.0461e+07,1.0113e+07,7.1476e+06,3.666e+06,2.6733e+05,14940,4067.8,1732,4.0763e+05
2.2522e+06,6.9315e+06,1.0088e+07,1.0882e+07,1.0693e+07,9.1404e+06,5.4722e+06,8.0742e+05,30817,10411,1.0868e+05,6.3887e+05
3.3159e+06,7.6613e+06,9.9035e+06,1.0598e+07,1.0463e+07,8.6749e+06,6.0044e+06,2.023e+06,3.2805e+05,65299,2.1019e+06,3.9378e+06
7.2021e+06,9.8316e+06,1.0788e+07,1.1337e+07,1.123e+07,9.3872e+06,6.2453e+06,1.4987e+06,1.7347e+05,67337,9.8834e+05,2.312e+06
6.1274e+06,9.3951e+06,1.0619e+07,1.1149e+07,1.0782e+07,9.5276e+06,6.1249e+06,1.2948e+06,90563,30765,9.1023e+05,1.9818e+06
5.3296e+06,8.6062e+06,1.0781e+07,1.1327e+07,1.092e+07,9.8911e+06,6.1557e+06,2.5539e+06,4.7398e+05,1.7654e+05,6.7963e+05,2.0401e+06
5.8491e+06,9.2684e+06,1.0716e+07,1.1318e+07,1.0987e+07,9.4996e+06,6.0418e+06,2.3563e+06,2.6967e+05,1.5179e+05,1.388e+06,3.0608e+06
6.4005e+06,9.6472e+06,1.1014e+07,1.1901e+07,1.1481e+07,9.2035e+06,5.6263e+06,6.9812e+05,92500,24981,30649,1.0726e+06
3.0415e+06,7.7614e+06,9.7504e+06,1.0612e+07,1.0605e+07,9.0517e+06,6.3565e+06,2.9108e+06,1.9927e+05,84289,1.1822e+06,3.3504e+06
6.2639e+06,9.8584e+06,1.0828e+07,1.1592e+07,1.1152e+07,9.0624e+06,5.3032e+06,8.9365e+05,1.9635e+05,76481,4.3432e+05,1.368e+06
5.6627e+06,9.1492e+06,1.0489e+07,1.0878e+07,1.0412e+07,8.9295e+06,5.8206e+06,1.6966e+06,80423,29734,3.6631e+05,1.5563e+06
4.9281e+06,8.4718e+06,1.0395e+07,1.1087e+07,1.0664e+07,8.2293e+06,4.5162e+06,3.9595e+05,24894,6934.7,2947.2,3.0667e+05
2.7502e+06,7.6698e+06,9.8442e+06,1.0667e+07,1.055e+07,8.9242e+06,5.1271e+06,7.8818e+05,58575,15441,6.2339e+05,2.7442e+06
6.8381e+06,1.0138e+07,1.1276e+07,1.2136e+07,1.1797e+07,1.0088e+07,6.0704e+06,1.2566e+06,1.6996e+05,73739,7.7553e+05,2.2406e+06
6.0033e+06,9.7926e+06,1.1077e+07,1.1636e+07,1.1228e+07,9.4907e+06,5.8511e+06,1.1968e+06,57052,21679,4.3264e+05,1.4957e+06
5.9825e+06,8.6961e+06,1.0754e+07,1.1534e+07,1.1401e+07,1.008e+07,6.4498e+06,2.3669e+06,2.1816e+05,1.9812e+05,1.1195e+06,2.207e+06
5.1942e+06,8.4881e+06,1.062e+07,1.1594e+07,1.1225e+07,9.5819e+06,6.0689e+06,2.3899e+06,1.8139e+05,33412,2.7759e+05,1.9075e+06
6.4192e+06,1.0246e+07,1.1793e+07,1.2416e+07,1.2125e+07,1.0755e+07,6.7447e+06,2.46e+06,3.6166e+05,1.5008e+05,1.1476e+06,3.2958e+06
8.3202e+06,1.0817e+07,1.2076e+07,1.2655e+07,1.2285e+07,1.0703e+07,6.2129e+06,1.0782e+06,2.11e+05,1.1295e+05,8.4816e+05,2.4438e+06
7.5388e+06,1.0517e+07,1.167e+07,1.2536e+07,1.1636e+07,9.4215e+06,5.6809e+06,1.3689e+06,2.3151e+05,85156,1.1769e+06,4.0377e+06
8.3398e+06,1.0278e+07,1.1763e+07,1.2338e+07,1.2071e+07,1.0379e+07,6.926e+06,3.7104e+06,9.2432e+05,7.7601e+05,2.0344e+06,4.2931e+06
8.8596e+06,1.0764e+07,1.2211e+07,1.2664e+07,1.1897e+07,9.6066e+06,6.2135e+06,1.6545e+06,3.7212e+05,1.2385e+05,1.1506e+06,2.7393e+06
7.6354e+06,1.0425e+07,1.1463e+07,1.2373e+07,1.1769e+07,1.0228e+07,6.5672e+06,1.1743e+06,1.7893e+05,58342,9.1796e+05,2.0164e+06
6.5063e+06,1.0445e+07,1.173e+07,1.2355e+07,1.2142e+07,1.0549e+07,6.9404e+06,3.5162e+06,4.4855e+05,2.3185e+05,1.6935e+06,4.0358e+06
7.0037e+06,1.0187e+07,1.1705e+07,1.2531e+07,1.2188e+07,9.9597e+06,6.5381e+06,2.3052e+06,3.6225e+05,1.112e+05,1.8769e+06,4.6062e+06
8.2941e+06,1.0502e+07,1.1666e+07,1.2066e+07,1.1546e+07,9.5097e+06,6.1e+06,2.4521e+06,1.888e+05,76331,1.5142e+06,4.0384e+06
7.5409e+06,1.0377e+07,1.1489e+07,1.2404e+07,1.1822e+07,1.0159e+07,6.7444e+06,2.8172e+06,5.0012e+05,1.9487e+05,6.8078e+05,3.2288e+06
6.9899e+06,9.8513e+06,1.0708e+07,1.1114e+07,1.0731e+07,9.3973e+06,5.1152e+06,9.7855e+05,78892,23693,7.4199e+05,1.7548e+06
4.4906e+06,9.0848e+06,1.1079e+07,1.1557e+07,1.0842e+07,8.8868e+06,3.7907e+06,2.532e+05,27555,7052,3296.4,3.0732e+05
1.8741e+06,6.9038e+06,9.6704e+06,1.1206e+07,1.0927e+07,8.1743e+06,4.7332e+06,7.1464e+05,49812,11568,4.8996e+05,1.092e+06
3.477e+06,8.0933e+06,1.036e+07,1.1227e+07,1.076e+07,7.8881e+06,3.2175e+06,3.0847e+05,25338,6429.2,1.6667e+05,6.8023e+05
2.7547e+06,8.3724e+06,1.0579e+07,1.1436e+07,1.0216e+07,7.2495e+06,2.817e+06,63477,7548.9,1557.6,679.76,1.9263e+05
1.4964e+06,6.1462e+06,9.8683e+06,1.0564e+07,1.0426e+07,7.74e+06,1.9467e+06,34699,2885.7,629.51,299.76,3.1831e+05
9.572e+05,4.1811e+06,7.9777e+06,9.9468e+06,9.4589e+06,7.7029e+06,5.0255e+06,1.3073e+06,16900,6979.8,3147,1.2643e+06
4.5469e+06,7.5367e+06,9.946e+06,1.0238e+07,9.7653e+06,7.8905e+06,5.3983e+06,1.541e+06,27331,10940,5882.2,1.3402e+06
2.9989e+06,6.9136e+06,9.8021e+06,1.0751e+07,1.0416e+07,8.4912e+06,4.6291e+06,9.5334e+05,46377,9863.5,93402,1.5597e+06
3.8634e+06,8.9113e+06,1.0638e+07,1.0748e+07,1.0149e+07,8.947e+06,5.4732e+06,1.8419e+06,2.1198e+05,52274,9.4064e+05,2.1746e+06
4.7304e+06,9.4469e+06,1.078e+07,1.1699e+07,1.1045e+07,8.8425e+06,4.5387e+06,5.3023e+05,51050,10402,2.4383e+05,1.4133e+06
4.6471e+06,8.6346e+06,1.0978e+07,1.1586e+07,1.1023e+07,8.8884e+06,5.9839e+06,2.3102e+06,1.7357e+05,49848,9.7915e+05,3.9569e+06
6.9596e+06,9.8915e+06,1.1342e+07,1.173e+07,1.1271e+07,9.4112e+06,5.3295e+06,8.4267e+05,1.5946e+05,44176,7.6667e+05,1.808e+06
4.483e+06,7.9623e+06,1.0609e+07,1.1508e+07,1.1278e+07,1.0159e+07,7.1401e+06,3.7296e+06,1.2284e+06,5.6985e+05,1.3681e+06,3.7605e+06
5.0862e+06,9.5282e+06,1.1215e+07,1.2144e+07,1.1966e+07,1.0688e+07,6.8634e+06,2.6794e+06,4.9517e+05,2.1389e+05,1.0086e+06,3.4873e+06
6.7755e+06,9.7449e+06,1.144e+07,1.1722e+07,1.136e+07,9.3108e+06,6.335e+06,2.061e+06,2.3822e+05,1.506e+05,1.4233e+06,3.9256e+06
6.7147e+06,1.0141e+07,1.168e+07,1.2331e+07,1.2024e+07,1.0382e+07,7.0179e+06,2.7203e+06,5.9326e+05,2.2849e+05,1.0651e+06,2.9895e+06
6.84e+06,9.9326e+06,1.1223e+07,1.1852e+07,1.1523e+07,9.9128e+06,5.414e+06,7.0438e+05,1.0303e+05,44805,5.6678e+05,1.6948e+06
5.3223e+06,8.8241e+06,1.0679e+07,1.1417e+07,1.1053e+07,9.9726e+06,5.9714e+06,1.0828e+06,2.1847e+05,1.4552e+05,9.0372e+05,2.4812e+06
7.1551e+06,1.0608e+07,1.2257e+07,1.2586e+07,1.2417e+07,1.0315e+07,5.581e+06,1.4163e+06,1.0861e+05,33240,3.8807e+05,2.5977e+06
7.4323e+06,1.0678e+07,1.1944e+07,1.2111e+07,1.1319e+07,9.6427e+06,5.9862e+06,1.4836e+06,81716,24955,2.6935e+05,1.4835e+06
