260.81,257.94,257.34,264.39,272.17,280.38,283.8,283.98,281.19,277.52,273.49,269.67
262.25,258.84,259.72,267.63,275.14,280.71,284.44,285.07,282.63,277.93,273.51,267.49
263.44,259.76,258.52,265.31,274.14,280.58,284.29,284.69,282.44,278.42,273.68,269.78
263.77,257.96,260.97,266.9,274.83,280.81,284.44,284.72,282.14,278.2,274.33,270.52
266.18,262.4,259.89,267.17,275.47,281.78,285.26,285.77,282.79,278.45,275.1,270.85
265.71,260.7,263.86,267.15,274.67,281.67,285.53,286.46,283.5,279.41,275.62,272.09
268.33,262.78,260.68,266.48,274.98,282.32,285.93,286.63,283.41,280.18,275.86,271.43
266.97,261.72,260.43,266.79,274.88,280.99,284.77,285.69,283.08,278.84,274.43,270.04
266.29,261.86,264.28,266.23,275.33,281.89,285.88,286.29,283.31,278.91,275.29,271
266.49,261.66,261.52,268.06,275.81,281.93,285.58,286.45,284,279.7,275.93,271.29
267.34,263.04,263.98,271.38,276.98,283.01,287.01,287.84,285.33,281.27,276.6,272.26
268.76,263.3,262.42,267.75,274.35,282.15,286.16,287.22,284.12,280.43,276.62,272.99
268.44,263.86,265.73,269.45,276.81,283.13,286.91,287.71,285.18,281.17,276.7,272.9
270.25,266.12,269.59,272.54,277.45,283.78,288.69,289.08,285.88,281.34,277.49,273.72
270.13,268.77,265.47,271.09,278.29,283.77,288.31,288.79,285.93,281.74,276.92,273.3
270.92,268.25,265.68,270.66,277.94,283.8,288.47,289.12,285.27,281.43,277.1,273.36
271.01,267.88,265.82,272.73,279.09,285.06,290.29,290.94,287.43,282.8,278.46,274.79
272.44,269.49,269.71,272.21,277.9,284.08,288.54,289.45,286.92,282.26,277.98,275.14
273.29,271.11,271.12,273.95,279.49,285.88,290.62,291.19,288.57,283.79,279.87,275.81
273.34,273.27,272.97,275.09,280.38,287.25,292.02,292.05,288.52,284,280.21,276.2
274.01,272.82,271.8,275.15,280.27,287.31,292.26,292.73,288.76,284.74,280.53,276.07
273.99,273.14,272.9,275.58,280.91,287.79,293.41,293.29,289.21,284.88,280.54,276.9
275.52,274.53,273.91,276.19,281.05,287.99,293.15,293.12,289.43,286.26,281.96,277.64
275.56,275.03,274.59,277.16,281.63,288.54,293.88,293.89,289.7,285.14,280.64,277.95
275.43,273.86,274.14,275.54,280.45,287.42,292.76,292.69,289.23,284.74,280.38,276.94
274.63,273.87,274,275.97,280.43,286.85,292.66,292.43,288.68,284.5,279.69,276.48
274.28,272.67,273.22,275.49,281,287.2,292.3,292.38,288.51,284.8,280.34,276.89
274.59,272.94,273.26,276.26,281.62,288.58,293.87,293.98,289.9,284.72,280.33,277.06
274.58,273.48,273.36,276.07,280.87,288.19,293.5,293.41,289.5,284.34,280.91,277.29
275.95,274.81,274.37,276.28,281.99,288.43,293.73,293.88,289.97,285.6,281.54,277.94
275.49,273.91,274.58,275.85,281.11,287.78,292.98,293.38,289.3,284.44,280.46,277.39
275.53,274.27,274.29,276.23,281.68,288.37,293.87,293.67,289.56,285.31,280.87,277.44
275.68,274.77,274.8,277.37,282.73,290.09,295.09,294.6,290.71,286.14,281.72,278.52
275.98,274.61,274.89,277.94,282.92,289.48,294.56,294.39,290.45,286.54,282.52,278.42
276.81,275.1,275.34,277.27,282.79,289.37,294.87,294.45,290.04,285.36,281.61,278.38
276.41,275.08,275.23,277.18,282.57,289.55,294.65,294.34,290.69,285.8,281.88,278.67
276.65,276.17,274.79,277.79,282.95,289.66,294.76,294.57,290.71,285.77,281.59,278.39
276.57,275.45,275.83,277.81,283.26,290.18,294.9,294.27,290.54,286.42,282.63,278.61
276.97,275.24,275.73,277.36,282.27,289,294.53,294.34,290.24,286.3,282,278.57
276.5,275.54,275.86,277.27,282.07,289.39,294.72,294.65,290.64,285.97,282.1,278.7
277.24,275.3,274.69,277.52,282.29,289.25,294.79,294.51,290.55,286.97,283.16,279.56
277.11,275.88,276.24,277.18,282.23,289.48,294.28,294.35,290.76,286.19,282.01,278.33
276.24,275.29,274.17,277.22,282.8,289.37,294.65,294.35,290.21,285.85,281.97,278.73
276.33,275.68,274.78,277.58,282.65,289.66,294.93,294.86,290.36,286.02,281.88,278.21
276.79,275.23,275.76,277.5,282.71,289.82,294.63,294.22,290.43,286.49,282.24,278.82
276.84,275.43,275.82,277.51,282.91,290.02,295.13,295.03,291.3,286.64,283.08,279.14
276.57,275.51,275.97,278.22,283.07,289.95,295.11,294.49,290.42,286.5,282.26,278.8
276.78,275.55,275.74,278.05,282.68,289.53,294.87,294.55,290.38,286.6,282.23,278.83
276.72,275.44,275.43,277.49,282.67,289.51,294.89,294.92,290.56,286.09,281.83,278.21
276.36,276.33,275.92,278.09,283.01,289.55,295.04,294.84,290.64,285.65,281.48,278.22
276.27,275.12,274.4,276.56,282.25,289.1,294.54,294.09,289.96,285.05,281,277.97
276.09,274.2,274.66,276.36,281.68,288.59,294.23,294.31,289.76,286.28,281.63,278.37
276.27,275.25,275.52,277.16,282.36,289.19,294.93,294.65,290.55,286,281.73,278.42
277.03,275.8,275.23,277.98,282.61,289.93,294.91,294.53,290.76,286.46,282.31,279.24
277.08,275.3,275.49,278.11,283.19,289.87,294.76,294.62,290.76,286.74,283.19,278.69
277.05,275.32,275.79,277.88,283.52,289.94,295.31,294.97,290.52,286.42,282.78,279.24
277.59,276.29,276.1,277.95,282.78,289.54,294.79,294.73,290.78,285.92,282.38,278.54
276.61,275.34,275.19,278.04,282.62,289.86,294.82,294.55,291,285.93,282.2,278.96
276.57,275.27,275.35,277.63,282.8,289.87,295.22,294.98,290.34,285.94,281.15,278.29
276.19,275.35,275.29,276.92,282.21,288.75,294.41,294.44,290.57,285.88,282.05,278.38
275.85,274.94,275.35,277.66,282.55,289.34,294.46,294.26,290.38,286.29,282.3,278.68
276.9,276.17,274.96,277.15,281.96,289.38,294.37,294.39,290.91,286.42,282.11,278.56
276.44,275.72,274.5,276.85,281.9,288.74,293.92,293.77,290.19,286.12,282.23,278.06
276.41,274.73,274.93,277.37,282.89,289.8,295.06,294.84,290.81,286.48,282.86,279.24
276.3,276.4,275.71,277.87,283.41,290.17,295.56,295.25,290.85,286.75,282.27,279.24
276.03,275.63,275.39,277.74,282.96,290.28,295.19,294.52,290.94,286.21,282.69,279.26
276.8,276.45,275.92,277.28,282.67,289.42,294.86,294.92,290.68,286.61,282.76,278.83
277.06,276.58,276.67,277.91,283.34,290.41,295.24,294.94,291.17,287.36,283.2,279.52
276.87,275.96,275.52,277.23,282.14,289.51,294.78,294.73,290.92,285.98,282.18,277.73
275.83,275.3,275.13,277.3,282.46,289.66,294.95,294.55,290.53,285.84,282.35,278.22
275.85,275.88,274.92,277.28,282.48,289.56,294.68,294.55,290.34,285.69,281.91,278.45
277.53,275.85,276.36,278.09,282.77,289.75,294.75,294.25,290.44,286.15,282.83,279.36
276.78,275.75,275.58,277.54,282.65,289.58,295.04,294.64,290.35,286.21,282.15,278.64
276.64,275.71,276.68,277.9,283.35,290.47,295.45,294.71,291.41,286.72,282.45,278.65
276.95,276.07,275.87,277.83,283.24,290.38,295.37,294.68,290.73,286.03,282.32,278.44
276.59,275.5,275.44,277.33,283.19,289.68,294.95,294.67,290.6,286.7,282.06,279.06
276.95,276.4,276.22,277.89,283,290.09,295.06,294.92,290.97,286.9,282.73,278.57
275.96,276.03,274.86,277.33,282.86,289.73,295.01,294.41,290.1,285.82,282,278.51
276.6,275.29,275.89,277.28,282.16,289.06,294.28,294.49,290.34,286.04,282.23,278.72
276.15,275.78,275.96,278.28,283.59,290.11,294.94,294.4,291.12,286.49,282.51,279.17
277.42,276.01,275.93,277.96,283.07,289.98,294.98,295.06,291.07,286.8,282.53,279.16
277.51,276.42,276.45,279.21,284.11,290.84,296.18,295.55,291.57,287.34,283.45,279.72
277.16,276.12,276.84,278.36,283.3,290.32,295.26,295.43,291.38,287.1,283.76,279.65
277.38,277.01,276.76,278.04,283.14,289.73,294.96,294.53,290.7,287.15,282.64,279.05
277.23,275.98,277.09,278.72,283.97,290.85,295.52,295.06,291.4,286.98,283.07,279.21
277.81,277.05,276.64,279.09,283.68,290.48,295.68,295.2,291.27,287.12,283.37,279.59
277.91,276.27,277.03,278.49,283.14,289.84,294.92,295.11,291.12,286.37,281.99,279.16
277.29,276.49,277.54,279.01,284.29,291.33,295.98,295.5,291.63,287.39,283.1,280.33
277.86,277.38,277.16,278.87,283.6,290.68,295.86,295.39,291.38,286.66,283.46,279.88
277.45,276.32,276.11,278.95,283.89,290.57,295.69,295.5,291.23,286.96,283.36,280.01
278.03,276.9,276.91,279.11,284.44,291.37,296.15,295.49,291.69,286.98,283.52,280.11
278.02,277.02,276.55,279.22,284.51,290.93,296.36,296.02,291.72,287.55,283.46,279.73
277.49,276.03,276.53,278.93,283.44,290.35,295.59,295.53,291.34,286.49,282.8,279.12
277.13,276.07,275.43,278.28,283.74,290.42,295.25,295.07,291.22,287.08,282.53,279.04
276.68,275.48,276.16,277.41,282.1,289.45,294.65,294.27,290.41,286.08,281.84,278.58
276.56,276.27,275.52,277.39,282.26,289.42,294.32,294.34,290.79,286.19,281.82,278.62
276.62,275.77,275.5,277.79,283.2,290.36,295.38,294.72,291.13,286.71,282.52,278.84
276.88,276.22,276.1,278.03,283.53,290.18,295.67,295.41,291.43,286.97,283.12,279.53
277.51,276.47,276.59,279.21,284.64,291.47,296.12,295.51,291.71,287.38,283.74,280.09
278.2,277.02,276.47,279.06,284.03,290.58,295.73,295.27,291.42,287.02,282.98,278.93
