5556.3,10558,16043,20099,19122,15269,9567.5,3948.5,1731.9,1187.9,1613.3,2868.2
6442.8,9557.7,12618,16009,17065,14859,9279,3941.2,1814.6,1527.3,2196.1,3697.7
7798.8,12793,16039,18777,19728,16359,9634.7,3952,1590,1090.8,1286.1,2770.9
5527.7,9122.1,12864,16705,17172,13663,7296.1,2326.5,928.01,636.26,1007.4,2339.6
5593.1,9714,13238,17221,18145,14756,8202.1,2676.8,808.67,437.93,1001.7,2633.1
6180.6,10165,14230,17341,17228,13142,6555.1,1747,563.8,308.1,485.08,2027
5045.3,10414,13705,16548,17906,15733,9387.1,3036.4,876.85,457.02,816.67,2143.3
4832.5,8432.4,11763,14295,14892,11617,4467.6,1000.9,233.32,94.178,236.39,704.78
2348.2,5507.2,8316.6,10978,11419,7364.9,2135,247.21,23.605,3.2158,0.89554,83.805
1071.9,3524.2,7547.7,10152,10260,8115.9,3754.3,566.46,123.24,51.582,140.02,748.3
2933.3,5354.5,7324.4,10054,11072,8777.7,3519.5,455.62,81.626,15.866,25.755,237.87
848.14,3568.5,6923.7,9196.8,10382,8226.7,2987.3,272.59,34.719,7.5256,40.119,319.58
1673.3,4780.5,9476.7,12729,12882,9212.6,3210.8,481.15,70.037,16.1,7.068,142.4
635.95,3148.6,6168.6,10244,12556,9724.4,4641,780.54,127.74,48.11,96.939,691.14
2294.1,5318.4,9843.1,12798,14683,12619,7448.8,1481.5,265.5,95.905,78.135,279.11
1420.9,4463.7,7669.1,11056,12997,10953,4579.2,476.51,72.049,15.556,54.711,283.11
1588.3,4629.1,6308.5,9614,11274,9557.2,4148.8,447.5,66.173,19.345,11.031,244.88
1389.8,4178.9,6822.7,9442.5,11048,9442,4603.1,750.74,121.06,43.079,51.633,488.5
2425.1,6067.9,8674,10664,11048,8916.6,3584.4,438.24,71.965,15.81,4.6693,199.75
859.91,3600.3,6151,8943.4,10451,8154.7,3283.2,339.52,47.079,13.867,5.3238,61.648
796.52,2439,4884.8,8865.7,9694.5,6880.8,2214.4,140.03,16.75,2.7154,0.87655,0.52628
372.9,2409.8,5553.5,9612.8,12177,11051,6431.6,1564,256.75,112.46,372.37,1018.3
2257.5,4458.5,6119.6,9493.8,10469,8724.9,3868,600.2,96.923,34.344,16.888,200.74
1850.3,3662.8,6882.5,10085,10722,8172.3,3416,403.38,63.363,14.973,4.4983,441.73
1920.1,4562.5,6834.7,9116,9651.8,7157.2,2065.9,218.83,31.271,7.7022,3.8803,140.5
969.96,2303.6,5517.4,6958.3,7676.4,4758.5,875.39,81.285,8.579,1.3132,0.55865,42.625
290.39,1063.9,3118.5,6056.7,7231.5,5400,1479.7,72.065,6.904,1.5014,0.7606,56.038
621.86,3013.4,5567.2,6336.2,6222.6,3504.6,381.07,21.743,1.014,0.17438,0.049388,2.6976
97.312,647.05,2231.1,4802.4,5466.1,4111.9,1091.1,48.082,4.6685,0.99106,0.48618,30.25
174.11,1335.4,4599.3,7805.5,7862.6,5317.6,585.66,35.79,1.8954,0.28477,0.11767,49.701
595.76,1312.4,4283.7,6593.1,7380.5,5976.4,1619.5,108.34,11.235,2.0947,9.0146,106.99
576.65,2143.7,4353.9,6696.6,6395.2,4897.7,1932.5,149.07,15.972,2.3722,0.75746,69.198
504.41,2621.9,5248.1,7931.5,9422,7385.4,1535.6,124.21,11.746,1.8776,0.62063,2.3927
221.96,1955.2,3929.7,7527.5,9203.4,7563.7,2593.4,136.96,15.707,2.8888,2.4906,63.119
240.54,1096.6,2816.8,5769.3,6389.7,5706.9,2123,63.949,7.7476,1.3599,0.52031,46.718
553.96,2511.3,4622.6,6313.1,7289,4854.2,939,65.156,4.4975,0.80558,0.43071,109.73
974.82,3640.4,6088.9,7829,8502,6307.7,1992.1,190.33,23.255,3.5075,2.4868,44.727
480.07,1551.7,4167.5,7311.8,7162.3,5068.5,1638.8,122.53,14.167,3.0991,1.3796,185.22
958.99,2765.3,5090.5,8762,10167,6703.3,1234.1,125.36,11.159,1.5147,0.55921,42.605
743.78,2863.6,5419,8657.7,9963.4,8752.7,4070.4,349.74,46.726,9.5071,3.926,125.23
566.18,1091.7,1525,3610.5,3078.6,1290.1,42.812,2.0229,0.060822,0.0025526,0.00011393,1.8457e-05
12.439,211.06,849.71,2622.3,4192.2,3332.1,392.95,9.0312,0.49418,0.06233,0.023106,0.015672
57.682,461.2,2307.9,4761.8,5617.2,4836.4,1063,35.127,3.0459,0.48098,0.20292,31.727
104.72,668.08,1959.7,4693.7,5375.2,3522.4,369.9,16.211,1.1936,0.10312,0.025142,0.013644
206.52,1635.4,3613.4,6101.3,6785,3490.7,536.63,26.835,1.2009,0.25174,0.14207,43.149
348.92,1131.8,2990.6,5287.5,6422.5,4997.5,1691.4,115.02,10.811,2.2828,7.458,141.94
810.3,1821.2,3150.1,5981.5,6055.6,3451.5,471.04,24.226,0.959,0.13509,0.051339,14.56
166.73,765.64,1893.2,3226.7,3635.4,2568.2,510.11,14.407,0.90141,0.18026,0.083811,0.76121
111.26,584.96,2361.4,4640.6,5865.7,5063.1,1865.4,74.244,7.2169,1.7751,0.84266,44.261
586.56,1452.3,4224.4,7987.5,10234,8906.1,2398,159.7,17.673,3.156,6.4619,158.32
1211.6,2526.6,5578.5,8233.4,9125,5877.6,712.06,45.484,3.0213,0.50275,0.27423,6.526
353.11,1770.5,4794.5,7058,8989.9,8201.7,3904.7,227.77,36.224,7.2294,3.4333,144.73
1141.5,3349.2,7126.8,10495,11069,9074,3542.9,465.01,66.974,14.718,10.388,222.67
686.53,1814,3201.1,4623.4,4515.2,3220.6,775.51,53.741,5.5662,1.0861,0.43829,55.011
473.03,1887.3,4681.2,7565.1,7499.9,4238.2,564.59,31.893,1.7962,0.26796,0.13258,1.0748
333.65,1453.4,2821.4,3988,4406.7,2634.9,234.49,12.927,0.5315,0.063592,0.023833,12.702
84.592,745.08,3405.1,6644.5,7054,4919,691.15,43.459,2.873,0.51094,0.19815,3.9687
266.68,1736.7,3560.8,4782.4,5206.6,2969.7,230.52,10.633,0.49323,0.03338,0.0078638,1.4669
159.81,510.04,2472.9,5719,7034.6,6055.8,1763.3,61.518,6.4773,1.4343,0.68549,0.99009
178.07,1548.7,3489.7,6148.7,6188.6,4460,569.88,32.226,1.8177,0.21352,0.076476,38.643
330.67,974.05,2297.4,3480.9,3925.4,1979.7,202.45,6.4723,0.24702,0.026308,0.0077627,0.0045636
137.37,879.16,1843.7,4174.3,3885.5,2610.3,305.04,7.9385,0.43703,0.068691,0.027231,0.019458
124.05,669.59,2556.9,5418,6811.6,5946.3,2293.7,88.88,11.255,1.9144,0.53231,0.316
39.09,910.24,2716.5,5893.6,6671,3307.1,261.55,17.582,0.62788,0.082721,0.02278,1.9
251.04,542.34,1396.3,3782.7,3603.3,1608.1,116.49,3.1806,0.076392,0.0032573,0.00080491,0.000446
1.7379,396.11,1660.9,3446.4,4112,2397.5,218.42,8.5393,0.34978,0.032812,0.009027,0.0054673
80.045,685.17,2186.4,5145.9,6355,5151,1143.3,33.062,3.5428,0.76903,0.29202,4.2406
279.38,1150.4,3442.6,6089.3,6176.8,2762.2,226.1,9.576,0.24897,0.021295,0.0035793,0.0015987
47.737,716.99,1504.4,3854.7,4733,2645.4,98.499,5.1321,0.18454,0.012307,0.0026257,0.0016866
141.69,1414.2,3742.8,6214.6,6663.3,5005.7,767.01,42.853,2.8085,0.30933,0.096019,1.936
295.71,1459,2205.1,4585.7,5124.9,2211.7,283.82,11.816,0.4201,0.025528,0.0052628,0.0027909
62.708,650.36,1475.3,2683.1,2861.4,1370,105.47,4.0992,0.16758,0.020231,0.0053576,0.0032164
165.31,459.83,691.52,1743.8,2369.1,1478.4,47.708,1.6045,0.055687,0.0056212,0.0015838,0.00097325
31.84,386.76,1527,3319.7,3024.5,944.2,20.579,0.72582,0.010186,0.00026421,2.1517e-05,5.4303e-06
10.493,238.2,1175.9,3714.2,4577.7,3617.5,393.29,12.695,0.75952,0.094888,0.033239,0.022169
246.78,1297.4,2735.8,3746.4,5077,3820.8,512.18,16.413,0.79938,0.095603,0.020671,0.0082924
72.493,366.91,939.9,897.02,670.81,181.77,10.389,0.1827,0.00086978,8.615e-06,2.2962e-08,0
0,38.255,289.9,1047.2,646.7,35.532,1.566,0.010736,1.7116e-06,0,0,0
0,32.634,385.09,1583.7,1821.3,478.41,11.529,0.27243,0.002235,4.674e-05,1.1308e-06,2.1441e-07
3.1858,35.177,176.06,697.68,629.72,159.61,2.5957,0.044238,0.00017625,2.6492e-07,0,0
0,0.006042,10.454,94.747,156.74,0.21401,0.027488,0.000175,1.1396e-07,0,0,0
0,0.25727,48.024,147.64,196.53,23.534,0.29409,0.0030672,7.1325e-06,7.1084e-08,2.8111e-11,0
0,29.834,103.07,489.28,478.14,142.79,1.9956,0.045814,0.00022327,2.0088e-06,0,0
0,3.7749,44.706,455.71,547.95,102.11,2.5346,0.067807,0.00036358,5.1212e-06,6.1398e-10,0
0,58.734,422.24,1555.1,1964.6,688.1,7.0181,0.32963,0.0066564,0.0001427,8.3185e-06,6.7193e-07
8.1808e-08,1.689e-08,121.63,370.31,291.67,14.851,0.47789,0.003745,9.0744e-06,6.3781e-08,0,0
0,0,40.738,171.27,267.29,40.076,0.44539,0.0068475,1.6227e-05,8.2487e-08,0,0
0,0.82839,66.238,65.24,70.369,0.11262,0.0022494,6.5305e-06,0,0,0,0
0,0,52.207,493.99,674.58,230.06,3.4524,0.082853,0.00066043,1.1356e-05,1.6254e-07,1.8986e-10
0,21.505,59.179,429.96,397.8,37.94,0.54105,0.0085088,3.0895e-05,8.9224e-08,0,0
0,10.069,219.33,580.04,698.98,105.16,1.7385,0.020276,3.0144e-05,2.8524e-09,0,0
0,3.9029,67.019,171.19,50.031,0.51967,0.039637,0.00010594,0,0,0,0
0,0,23.829,51.063,29.733,0.0011598,7.2937e-05,1.5241e-07,0,0,0,0
0,0,0,139.69,80.529,0.66929,0.055613,0.00019457,3.5877e-10,0,0,0
0,0,26.959,59.549,89.212,0.46296,0.0053399,4.067e-05,1.282e-08,0,0,0
0,0,74.578,220.12,213.11,20.727,0.14972,0.00085927,9.7738e-07,0,0,0
0,0,51.856,154.28,58.387,0.55234,0.040597,0.00017048,3.8279e-09,0,0,0
0,0.21857,57.902,128.78,142.22,1.6071,0.011371,5.6536e-05,0,0,0,0
0,0,96.142,318.54,312.1,16.167,0.1391,0.0011709,7.999e-07,0,0,0
0,0,26.707,176.49,173.89,36.885,0.18588,0.0028938,2.765e-06,0,0,0
